sep=									
DeviceTag:	Xsens_2								
FirmwareVersion:	2.2.1								
AppVersion:	2023.0.0								
SyncStatus:	Un-synced								
OutputRate:	60Hz								
FilterProfile:	General								
Measurement Mode:	Sensor fusion Mode - Extended (Quaternion)								
StartTime:	2023-07-11 15:23:06.899 +0200								
© Movella Technologies B. V. 2005-2023									
PacketCounter	SampleTimeFine	Quat_W	Quat_X	Quat_Y	Quat_Z	FreeAcc_X	FreeAcc_Y	FreeAcc_Z	Status
1	37668746	0	5.82E-18	0.707106781	0.707106781	-0.007759085	0.23929214	-0.020930117	0
2	37685413	4.24E-05	-0.000173844	0.707129548	0.707083991	-0.001703805	0.243997872	-0.001014136	0
3	37702080	4.92E-06	-0.000266499	0.70723164	0.70698185	-0.006988706	0.214298848	0.005684425	0
4	37718747	5.15E-05	-0.000385588	0.7073918	0.70682154	-0.003098232	0.236366945	-0.012667476	0
5	37735414	0.000110313	-0.000537837	0.707541793	0.706671288	-0.025033379	0.234423831	-0.024953548	0
6	37752081	0.000147717	-0.000637977	0.707650191	0.70656265	-0.023054861	0.247202918	-0.008064072	0
7	37768748	0.00018602	-0.000745619	0.707773691	0.706438823	-0.016208788	0.249329008	-0.021723753	0
8	37785415	0.000239703	-0.000862755	0.707899361	0.706312744	-0.023656662	0.257635804	-0.01648355	0
9	37802082	0.000293495	-0.000988568	0.708028256	0.706183351	-0.016740927	0.224956864	-0.015422721	0
10	37818749	0.000327287	-0.001108906	0.708164136	0.706046897	-0.00369394	0.271400706	-0.025312726	0
11	37835416	0.000359984	-0.001246885	0.708303162	0.705907179	-0.022175814	0.243566392	-0.030106283	0
12	37852083	0.000393702	-0.001373841	0.708441449	0.705768142	-0.035592812	0.265302052	-0.037677133	0
13	37868750	0.000425001	-0.00150159	0.708578926	0.705629839	-0.033280982	0.249646155	-0.040882008	0
14	37885417	0.000463102	-0.001646901	0.708709773	0.705498073	-0.041451797	0.247056796	-0.045061187	0
15	37902084	0.000499795	-0.001754705	0.708839051	0.705367898	-0.034098734	0.238013387	-0.038990711	0
16	37918751	0.000544494	-0.001888345	0.708973293	0.705232591	-0.027516166	0.250410059	-0.046417203	0
17	37935418	0.000579663	-0.00200813	0.709099973	0.705104857	-0.036783289	0.265759433	-0.044152334	0
18	37952085	0.000617391	-0.002142243	0.709228727	0.704974923	-0.037986284	0.265848412	-0.049666581	0
19	37968752	0.000645587	-0.002276465	0.709362405	0.704839968	-0.04608527	0.2501771	-0.050674665	0
20	37985419	0.00068517	-0.002399016	0.709494904	0.704706149	-0.035906556	0.249853934	-0.053126492	0
21	38002086	0.000716566	-0.002524462	0.709638622	0.704560956	-0.036398843	0.236862252	-0.053682209	0
22	38018753	0.000739985	-0.00265548	0.709767871	0.704430245	-0.052571651	0.230764	-0.056362194	0
23	38035420	0.000783188	-0.002782525	0.709902674	0.704293858	-0.060749365	0.24277031	-0.063354127	0
24	38052087	0.00082752	-0.002913181	0.710034312	0.704160567	-0.056679673	0.252589688	-0.060077574	0
25	38068754	0.000860144	-0.00305261	0.710173765	0.704019293	-0.063524208	0.25381448	-0.066089089	0
26	38085421	0.00089694	-0.003196756	0.710307876	0.703883298	-0.055020769	0.240251088	-0.074799517	0
27	38102088	0.000930512	-0.003315494	0.710437369	0.703752007	-0.068262144	0.256887134	-0.065573903	0
28	38118755	0.000963885	-0.00344734	0.710569015	0.703618406	-0.064756654	0.246381575	-0.07729618	0
29	38135422	0.000996819	-0.003572345	0.710702241	0.703483169	-0.070991943	0.271036037	-0.083366141	0
30	38152089	0.001032818	-0.003703492	0.710840266	0.70334297	-0.073542987	0.251518019	-0.070480298	0
31	38168756	0.001073129	-0.003825121	0.710970547	0.703210565	-0.063246118	0.224502116	-0.089506371	0
32	38185423	0.001117548	-0.00394926	0.711108139	0.703070671	-0.094258785	0.256672694	-0.08953295	0
33	38202090	0.00115898	-0.004088677	0.71123681	0.702939642	-0.075745698	0.242994291	-0.092472003	0
34	38218757	0.001195751	-0.004218747	0.711372179	0.702801818	-0.093266016	0.241223633	-0.091156137	0
35	38235424	0.001239134	-0.004345879	0.711509631	0.702661813	-0.086564727	0.247004587	-0.095462538	0
36	38252091	0.001264729	-0.004474226	0.711642385	0.702526511	-0.086177269	0.26610785	-0.110419034	0
37	38268758	0.001316245	-0.004610661	0.711777822	0.702388312	-0.101544081	0.275487984	-0.102075703	0
38	38285425	0.001355894	-0.004733717	0.711905282	0.702258231	-0.096073664	0.249173565	-0.113487227	0
39	38302092	0.001401114	-0.004858731	0.71204015	0.702120541	-0.096877857	0.24792464	-0.104467854	0
40	38318759	0.001453478	-0.004981799	0.712174439	0.70198336	-0.090838937	0.216638705	-0.107658881	0
41	38335426	0.001489728	-0.00511374	0.712305041	0.701849812	-0.102695876	0.250412714	-0.117802266	0
42	38352093	0.001533276	-0.005253142	0.712439445	0.701712256	-0.089406562	0.229130384	-0.128557455	0
43	38368760	0.001578346	-0.005388279	0.712569014	0.701579557	-0.108330282	0.230648511	-0.126798384	0
44	38385427	0.001620249	-0.005517633	0.712695487	0.701449979	-0.113331391	0.248008496	-0.116428943	0
45	38402094	0.001648525	-0.005657916	0.712827454	0.701314688	-0.102146758	0.248612973	-0.130517325	0
46	38418761	0.001686608	-0.005799024	0.712955408	0.701183366	-0.111324874	0.238664045	-0.132971673	0
47	38435428	0.001723334	-0.005934454	0.713084437	0.701050924	-0.109475453	0.244823996	-0.133513358	0
48	38452095	0.001769577	-0.006062235	0.713215897	0.700915973	-0.116307894	0.237985785	-0.139165099	0
49	38468762	0.001811564	-0.006202347	0.713342175	0.700786124	-0.116996616	0.221613918	-0.137851257	0
50	38485429	0.001846242	-0.006345153	0.713467262	0.700657403	-0.105613256	0.264838699	-0.156129596	0
51	38502096	0.00189205	-0.006477986	0.713595716	0.700525239	-0.11992029	0.236682376	-0.144174547	0
52	38518763	0.001943004	-0.006608122	0.713726922	0.700390205	-0.137583051	0.256058251	-0.152381496	0
53	38535430	0.001993878	-0.006738016	0.713855175	0.700258104	-0.134161528	0.251836406	-0.147597385	0
54	38552097	0.002035282	-0.006872136	0.713985329	0.700123976	-0.125415224	0.241258598	-0.144852159	0
55	38568764	0.002076787	-0.007007444	0.714110424	0.699994918	-0.136143781	0.258896008	-0.154926086	0
56	38585431	0.002123971	-0.0071423	0.714243203	0.699857931	-0.13448529	0.225869526	-0.171152955	0
57	38602098	0.002161962	-0.007282795	0.714372736	0.699724146	-0.141214615	0.223033051	-0.158451375	0
58	38618765	0.002211421	-0.00740877	0.714500526	0.69959218	-0.141018544	0.251736097	-0.149190115	0
59	38635432	0.002262521	-0.007545858	0.714630034	0.699458258	-0.13606407	0.249721825	-0.163046393	0
60	38652099	0.002314369	-0.007672791	0.714758597	0.699325332	-0.155268821	0.214602849	-0.163650924	0
61	38668766	0.002370422	-0.00779503	0.714880418	0.699199261	-0.150417089	0.20863032	-0.182454262	0
62	38685433	0.002412475	-0.007934739	0.715001547	0.699073678	-0.141851356	0.245854817	-0.189249884	0
63	38702100	0.002473135	-0.008077542	0.715128058	0.698942413	-0.152016274	0.252634372	-0.179722462	0
64	38718767	0.002534352	-0.008222799	0.715254276	0.698811336	-0.16118475	0.250110838	-0.175497032	0
65	38735434	0.002582936	-0.008368252	0.715373176	0.698687713	-0.159281405	0.252601305	-0.186474051	0
66	38752101	0.002645065	-0.008504642	0.715493249	0.698562871	-0.15908891	0.227900802	-0.19633998	0
67	38768768	0.002710747	-0.008640569	0.715607756	0.69844365	-0.158173259	0.247772361	-0.192411569	0
68	38785435	0.002773728	-0.008783009	0.715732967	0.698313314	-0.173912684	0.221946743	-0.205986392	0
69	38802102	0.002826861	-0.008928905	0.715852204	0.698189018	-0.167116275	0.220845686	-0.177059764	0
70	38818769	0.002889619	-0.009069671	0.715974237	0.698061805	-0.171070498	0.237908252	-0.200542669	0
71	38835436	0.002943228	-0.009217176	0.716088068	0.697942877	-0.176428473	0.26420982	-0.200014135	0
72	38852103	0.003004408	-0.009371608	0.71621127	0.697814132	-0.166284334	0.23425296	-0.197108491	0
73	38868770	0.003066146	-0.009506417	0.716329808	0.697690356	-0.171764501	0.243864234	-0.206510275	0
74	38885437	0.003133232	-0.00965953	0.716451997	0.69756248	-0.168597871	0.224341091	-0.209458952	0
75	38902104	0.003197771	-0.009797231	0.716566562	0.697442579	-0.187288611	0.233255827	-0.205246985	0
76	38918771	0.003263936	-0.009939229	0.716683851	0.697319738	-0.174691866	0.222589221	-0.209941532	0
77	38935438	0.003332066	-0.01008855	0.716800497	0.697197365	-0.174884076	0.22994883	-0.219961917	0
78	38952105	0.003407322	-0.010237852	0.716914294	0.697077809	-0.190507714	0.218074131	-0.206004945	0
79	38968772	0.003472455	-0.010389609	0.717028226	0.696958048	-0.194370808	0.240049951	-0.222721063	0
80	38985439	0.003544965	-0.010532986	0.717139956	0.696840565	-0.191464216	0.232421077	-0.224987883	0
81	39002106	0.003625692	-0.010678687	0.717250616	0.69672403	-0.182547816	0.231623217	-0.222086677	0
82	39018773	0.003699411	-0.010830231	0.717361483	0.696607151	-0.1884221	0.239066235	-0.231360868	0
83	39035440	0.003773011	-0.010987164	0.717477427	0.69648488	-0.194648981	0.233511945	-0.22952691	0
84	39052107	0.003858274	-0.011131371	0.717581762	0.696374627	-0.202581804	0.234833152	-0.232468379	0
85	39068774	0.003925815	-0.011289614	0.717692662	0.696257406	-0.212417304	0.249689577	-0.235562867	0
86	39085441	0.003995674	-0.011437446	0.717804955	0.696138826	-0.213803199	0.242149201	-0.226360545	0
87	39102108	0.004075055	-0.011591004	0.717912546	0.696024869	-0.204932051	0.227404537	-0.247523187	0
88	39118775	0.004152667	-0.011730198	0.718017752	0.695913547	-0.199743642	0.246028453	-0.244611452	0
89	39135442	0.004223896	-0.01188476	0.718120098	0.695804883	-0.217535518	0.237249389	-0.240635767	0
90	39152109	0.004298396	-0.012035192	0.718221384	0.695697292	-0.216218221	0.241341432	-0.258987531	0
91	39168776	0.004390484	-0.012183941	0.718321663	0.695590586	-0.213878649	0.247819649	-0.2622611	0
92	39185443	0.004471657	-0.012344061	0.718422667	0.695482926	-0.21685007	0.21663221	-0.249516148	0
93	39202110	0.004552498	-0.012483136	0.718520475	0.69537887	-0.217120661	0.241222397	-0.266721685	0
94	39218777	0.004628723	-0.012636959	0.71861391	0.695279031	-0.215674335	0.24169787	-0.250513849	0
95	39235444	0.00471137	-0.012789586	0.718702722	0.69518388	-0.220279431	0.24855453	-0.256051346	0
96	39252111	0.004806212	-0.012935915	0.718796403	0.695083659	-0.225009537	0.243442346	-0.257058982	0
97	39268778	0.004897334	-0.013095524	0.718888875	0.694984395	-0.218544692	0.237891776	-0.261178131	0
98	39285445	0.004981409	-0.013248322	0.718982648	0.694883889	-0.229472377	0.246866962	-0.252287802	0
99	39302112	0.005080991	-0.013407267	0.719081818	0.694777496	-0.217878555	0.247713481	-0.259786726	0
100	39318779	0.005174222	-0.013563599	0.719171022	0.694681435	-0.234764488	0.238613271	-0.268884001	0
101	39335446	0.005263794	-0.013716717	0.719255097	0.694590706	-0.221919513	0.25802851	-0.26803401	0
102	39352113	0.00535446	-0.01386857	0.719332091	0.694507261	-0.244850615	0.245601143	-0.258818797	0
103	39368780	0.005447625	-0.01403187	0.719413455	0.694418973	-0.230034365	0.227847532	-0.272045765	0
104	39385447	0.005553556	-0.014187731	0.719499881	0.694325419	-0.232510473	0.241694354	-0.275386254	0
105	39402114	0.005638766	-0.014344217	0.71958209	0.694236317	-0.248339377	0.246221482	-0.275932436	0
106	39418781	0.005731037	-0.014497052	0.71966882	0.694142478	-0.239460184	0.223828836	-0.285306166	0
107	39435448	0.00582975	-0.014648355	0.719748453	0.694055908	-0.238103032	0.230817219	-0.280796488	0
108	39452115	0.00593184	-0.014802727	0.719829954	0.69396724	-0.239875789	0.232874729	-0.281335801	0
109	39468782	0.006037867	-0.014963324	0.719906385	0.693883592	-0.239997504	0.246536154	-0.274084796	0
110	39485449	0.006129439	-0.015112486	0.719976882	0.693806408	-0.249964079	0.238113484	-0.303873375	0
111	39502116	0.006230601	-0.015271179	0.720048243	0.693727971	-0.234793903	0.248986682	-0.274872106	0
112	39518783	0.006334329	-0.015426961	0.720128061	0.693640729	-0.246266361	0.231216044	-0.297993946	0
113	39535450	0.006445256	-0.01558031	0.720197591	0.693564086	-0.243820558	0.263051468	-0.285657921	0
114	39552117	0.006550749	-0.015737089	0.720262249	0.693492411	-0.252713918	0.246712559	-0.290005749	0
115	39568784	0.006661199	-0.015892462	0.720333376	0.693413935	-0.259529594	0.245887989	-0.314835661	0
116	39585451	0.00676774	-0.016041285	0.720404501	0.693335583	-0.259206426	0.25076973	-0.291159171	0
117	39602118	0.006873577	-0.016198953	0.72047379	0.693258874	-0.254397992	0.235098088	-0.288723598	0
118	39618785	0.00698183	-0.01635439	0.720538861	0.69318651	-0.248093384	0.239596189	-0.281912667	0
119	39635452	0.007426239	-0.007082995	0.707270452	0.70686858	0.003306391	0.247290671	0.001240532	0
120	39652119	0.007415483	-0.007074881	0.707261685	0.706877546	0.011305504	0.239755351	0.00752385	0
121	39668786	0.007404483	-0.007069598	0.707258851	0.70688055	0.006682343	0.252001931	-0.017371584	0
122	39685453	0.007394214	-0.007053659	0.707257667	0.706882001	0.000850141	0.267120702	-0.001863511	0
123	39702120	0.007377573	-0.00704173	0.707261424	0.706878535	0.000517029	0.258678877	-0.007624644	0
124	39718787	0.007365076	-0.007020774	0.707261543	0.706878755	-0.002191227	0.267549914	0.001708272	0
125	39735454	0.0073577	-0.007009844	0.707265817	0.706874664	0.000660232	0.252839167	-0.006540611	0
126	39752121	0.007341457	-0.006997407	0.707264613	0.706876161	0.004124169	0.233938568	0.011012803	0
127	39768788	0.007317811	-0.006983537	0.707260174	0.706880984	-0.005838929	0.251839111	0.001825062	0
128	39785455	0.00729502	-0.00698018	0.70726034	0.706881087	0.003824028	0.245894922	-0.001401433	0
129	39802122	0.007283131	-0.006963668	0.707261763	0.706879949	0.001179881	0.234789679	-0.023642199	0
130	39818789	0.007274507	-0.006945398	0.70726078	0.706881201	0.010913072	0.246081991	-0.007444244	0
131	39835456	0.007276545	-0.006929489	0.707250885	0.706891236	0.011366076	0.239500749	-0.000865669	0
132	39852123	0.007269873	-0.006923562	0.707249735	0.706892513	-0.007214517	0.245790444	0.005999713	0
133	39868790	0.007265447	-0.006908374	0.707248164	0.706894279	-0.007148863	0.254557467	-0.010113272	0
134	39885457	0.007258531	-0.006890809	0.707244936	0.706897751	-0.001745348	0.241241229	0.002333516	0
135	39902124	0.007247891	-0.006890527	0.707242195	0.706900606	0.000905601	0.25326559	0.003610582	0
136	39918791	0.007232112	-0.006861253	0.707241637	0.70690161	-0.005489903	0.246269477	-0.003158866	0
137	39935458	0.007220139	-0.006843485	0.707244703	0.706898837	0.007128485	0.245827449	-0.008063051	0
138	39952125	0.007211755	-0.006833718	0.707241601	0.706902121	0.002462311	0.259217424	0.003744255	0
139	39968792	0.00720919	-0.00682147	0.707241398	0.706902469	-0.010582369	0.262618845	0.00171013	0
140	39985459	0.007188769	-0.00681745	0.707240221	0.706903893	0.00525195	0.254589036	0.010772084	0
141	40002126	0.00717258	-0.006804695	0.707239079	0.706905322	0.028472956	0.23403197	0.010066765	0
142	40018793	0.007155585	-0.006781617	0.707230997	0.706913803	0.009367481	0.261754111	0.00849114	0
143	40035460	0.007143486	-0.006762607	0.707227096	0.70691801	0.007463937	0.228818948	0.012178346	0
144	40052127	0.007132774	-0.006746082	0.707222336	0.706923038	-0.005433362	0.252260158	0.004230013	0
145	40068794	0.007127832	-0.006731557	0.707217579	0.706927985	0.000667932	0.240168345	-0.006479582	0
146	40085461	0.007118002	-0.00672001	0.707219045	0.706926727	0.012497515	0.236993067	0.008918467	0
147	40102128	0.007118313	-0.006714569	0.707218183	0.706927638	0.00208506	0.253044352	0.011184159	0
148	40118795	0.007113218	-0.0067012	0.707218382	0.706927617	0.008987722	0.26216026	5.86E-05	0
149	40135462	0.007092247	-0.006694378	0.70721664	0.706929635	0.008379195	0.242653605	0.003820293	0
150	40152129	0.007082424	-0.006670641	0.70722315	0.706923446	0.008748891	0.236701141	-0.003202791	0
151	40168796	0.007069251	-0.006656675	0.707225566	0.706921292	-0.002637965	0.272905754	0.013062846	0
152	40185463	0.00705446	-0.006649428	0.707221998	0.706925077	0.017315852	0.227556214	0.00979255	0
153	40202130	0.007050212	-0.006636077	0.707222997	0.706924246	0.006136685	0.253024942	-0.006823328	0
154	40218797	0.007031849	-0.006624265	0.70722136	0.706926177	0.012529419	0.24110685	-0.005571985	0
155	40235464	0.007017772	-0.006615996	0.707219184	0.706928571	0.011773575	0.226495667	0.011108187	0
156	40252131	0.007014773	-0.006603852	0.707213917	0.706933984	0.001203358	0.254398093	0.003224378	0
157	40268798	0.007000297	-0.006603941	0.707219547	0.706928495	0.024759177	0.241097962	0.002364499	0
158	40285465	0.007000277	-0.006589407	0.707216102	0.706932076	0.006220562	0.260618333	-0.00924974	0
159	40302132	0.006993851	-0.006568079	0.707223778	0.70692466	0.018918714	0.251295212	-0.013389206	0
160	40318799	0.006980574	-0.006555746	0.707221858	0.706926826	-0.007432737	0.233811978	-0.005889875	0
161	40335466	0.006961501	-0.006550297	0.707223882	0.70692504	0.004814312	0.245530461	-0.005731914	0
162	40352133	0.006950239	-0.006540759	0.707222983	0.706926138	0.018216768	0.226866072	0.000216364	0
163	40368800	0.006939119	-0.006526814	0.707225912	0.706923446	0.014428242	0.239123363	-0.003763057	0
164	40385467	0.006935604	-0.006514911	0.707232286	0.706917213	0.01447519	0.219337989	-0.000292539	0
165	40402134	0.006935848	-0.006509591	0.707229541	0.706920006	-0.00070681	0.242048217	-0.00645137	0
166	40418801	0.006931017	-0.006497242	0.707230798	0.70691891	-0.008625459	0.246275154	0.000575472	0
167	40435468	0.00692704	-0.006492687	0.707230265	0.706919524	0.005209773	0.243938858	-0.019579542	0
168	40452135	0.006912625	-0.006482948	0.707238846	0.70691117	0.012758297	0.238317314	-0.002643636	0
169	40468802	0.006903373	-0.006474061	0.707243136	0.706907049	0.007134461	0.252469414	0.003946326	0
170	40485469	0.006890844	-0.006458239	0.707235953	0.706914503	0.021169393	0.261334706	0.003101106	0
171	40502136	0.0068826	-0.006446982	0.707234085	0.706916554	0.010302134	0.23325179	-0.001535076	0
172	40518803	0.006880736	-0.006434433	0.707238674	0.706912096	0.008498773	0.242650072	-0.028301886	0
173	40535470	0.006872484	-0.006420547	0.707235221	0.706915757	0.006273188	0.252554091	-0.003940639	0
174	40552137	0.006875648	-0.00641404	0.707236477	0.706914529	0.016646712	0.233979336	-0.000978927	0
175	40568804	0.006856632	-0.006404703	0.70723324	0.706918037	0.007305189	0.264719893	-0.004096493	0
176	40585471	0.006849105	-0.00639453	0.707232663	0.706918779	-0.001724426	0.246935101	-0.018593567	0
177	40602138	0.006846983	-0.006387512	0.70723691	0.706914614	0.011354075	0.247084101	0.00739883	0
178	40618805	0.00683148	-0.006377734	0.707238333	0.706913429	0.013341536	0.251397113	0.001632577	0
179	40635472	0.006818768	-0.006370741	0.707242039	0.706909907	0.000814816	0.248050243	0.00289027	0
180	40652139	0.006808645	-0.006358591	0.707242588	0.706909565	0.008417342	0.22578528	0.0056539	0
181	40668806	0.0068015	-0.006357645	0.707247624	0.706904603	0.008493988	0.249168364	-0.006982305	0
182	40685473	0.006789438	-0.006355853	0.707246085	0.706906276	0.001646227	0.244497933	0.003001806	0
183	40702140	0.006778273	-0.006340751	0.707249449	0.706903152	-0.001969218	0.275128652	-0.007846411	0
184	40718807	0.0067794	-0.006331238	0.707247451	0.706905225	-0.000805413	0.27069316	-0.00896134	0
185	40735474	0.006773342	-0.00632319	0.707249677	0.706903129	0.013793347	0.24308992	-0.012249308	0
186	40752141	0.006755103	-0.006311204	0.707251844	0.706901243	0.005371153	0.243362799	0.002036739	0
187	40768808	0.006754275	-0.006298058	0.707246615	0.706906599	0.004273578	0.251958762	-0.0038559	0
188	40785475	0.006752187	-0.006286778	0.707245754	0.70690758	0.004577603	0.257369238	-0.008586241	0
189	40802142	0.006745683	-0.006270795	0.707244036	0.706909504	-0.000469756	0.23859251	0.005162923	0
190	40818809	0.006731365	-0.006263543	0.707243904	0.706909836	0.018828426	0.263157811	0.016623185	0
191	40835476	0.006707136	-0.006261722	0.707244527	0.706909459	0.010367787	0.256079926	-0.011628854	0
192	40852143	0.006699253	-0.006258047	0.707246939	0.706907154	0.003610369	0.242449077	0.006334481	0
193	40868810	0.006680174	-0.006246144	0.707245256	0.706909123	-0.003122217	0.248204114	0.00179485	0
194	40885477	0.006676442	-0.006224553	0.707247558	0.706907046	-0.014242274	0.251553549	-0.003346977	0
195	40902144	0.006676159	-0.006220055	0.707247841	0.706906805	-0.007022729	0.24146178	-0.002709488	0
196	40918811	0.006670078	-0.006225179	0.707246808	0.706907851	0.012285481	0.250302593	-0.001966797	0
197	40935478	0.006664779	-0.006215712	0.707249299	0.706905492	-0.001116465	0.227399855	-0.020111827	0
198	40952145	0.006652997	-0.006202371	0.707247513	0.706907507	0.004173406	0.254275526	0.008506021	0
199	40968812	0.006653085	-0.006195517	0.70725	0.706905078	0.018175393	0.252685721	-0.001209205	0
200	40985479	0.006647625	-0.006186319	0.707251179	0.70690403	0.003356112	0.264266264	-0.0081009	0
201	41002146	0.006640575	-0.006173718	0.707254664	0.70690072	0.008400866	0.244138907	0.00253623	0
202	41018813	0.006632011	-0.006155836	0.70725828	0.706897339	0.010554106	0.239404919	-0.002957851	0
203	41035480	0.006629336	-0.006143158	0.707258405	0.706897349	0.016490509	0.259042954	0.005090972	0
204	41052147	0.006609703	-0.006139737	0.707251834	0.706904137	0.007206146	0.237111047	0.003197547	0
205	41068814	0.006604207	-0.006124441	0.707256646	0.706899507	0.014416887	0.256147645	-0.006957865	0
206	41085481	0.006590329	-0.006117113	0.70725283	0.706903517	0.007197167	0.241413973	-0.003925031	0
207	41102148	0.006591093	-0.00610336	0.707252879	0.70690358	-0.006652017	0.240370222	-0.003876629	0
208	41118815	0.006579508	-0.006100713	0.707255914	0.706900675	0.005784977	0.236287661	-0.008347024	0
209	41135482	0.006574062	-0.006079866	0.707249609	0.706907213	0.018896526	0.246752467	-0.001449561	0
210	41152149	0.006566276	-0.006063833	0.70724906	0.706907972	0.000894629	0.259911024	0.001823198	0
211	41168816	0.006549016	-0.00604669	0.70724665	0.706910691	0.020476841	0.240645678	-0.00863742	0
212	41185483	0.006541697	-0.006042373	0.707250048	0.706907396	0.005197517	0.216309568	0.002520326	0
213	41202150	0.006542835	-0.006030767	0.70725128	0.706906251	0.004835146	0.255328721	0.001280072	0
214	41218817	0.006546734	-0.006021866	0.707249317	0.706908255	0.009550831	0.250412727	-0.008141188	0
215	41235484	0.006550858	-0.006018818	0.70724833	0.70690923	0.006481754	0.25806356	0.000326788	0
216	41252151	0.00654374	-0.006011846	0.707243909	0.706913778	0.006724409	0.233656886	0.004832257	0
217	41268818	0.006534614	-0.005999489	0.707245593	0.706912283	0.016620062	0.243999045	0.002943926	0
218	41285485	0.006513733	-0.00598251	0.707243669	0.706914545	0.004234032	0.239976548	0.007697479	0
219	41302152	0.006521177	-0.005974568	0.707240886	0.706917328	0.006400782	0.267490995	0.011441931	0
220	41318819	0.00652387	-0.005968699	0.707244724	0.706913513	0.008195183	0.232272942	0.003127082	0
221	41335486	0.00651603	-0.005953264	0.707243039	0.706915401	0.011460628	0.245856376	0.00676503	0
222	41352153	0.006518611	-0.005932928	0.707244551	0.706914036	0.000297544	0.265245488	0.005743409	0
223	41368820	0.006513161	-0.005930977	0.707249784	0.706908866	0.009686522	0.237282744	-0.001526957	0
224	41385487	0.006508937	-0.00591835	0.707245591	0.706913206	-0.002075406	0.246012522	-0.009055018	0
225	41402154	0.00650755	-0.005907699	0.707243906	0.706914994	0.001112529	0.22977941	-0.007238624	0
226	41418821	0.006509133	-0.005906396	0.707244288	0.706914608	0.011593485	0.234451339	0.009671747	0
227	41435488	0.006509782	-0.005892647	0.707235556	0.706923453	0.00897616	0.249924243	-0.002853429	0
228	41452155	0.006496836	-0.005890807	0.707230568	0.706928577	0.015674146	0.254191768	-0.000480532	0
229	41468822	0.006488004	-0.005886216	0.70723105	0.706928214	0.009011567	0.257906699	-0.009747315	0
230	41485489	0.006478791	-0.005871965	0.707235655	0.70692381	-0.003231731	0.242247502	0.01068176	0
231	41502156	0.006464212	-0.005856515	0.707241148	0.706918577	0.002563347	0.248847858	-0.005056728	0
232	41518823	0.006449439	-0.005847605	0.707247706	0.706912225	0.001320629	0.253786914	-0.008781245	0
233	41535490	0.006448245	-0.005842603	0.707251077	0.706908904	0.009631454	0.27791708	-0.00306909	0
234	41552157	0.006437232	-0.005831572	0.707252106	0.706908065	0.003858292	0.232478136	-0.005827542	0
235	41568824	0.006430919	-0.005827733	0.707249313	0.706910949	0.006577848	0.251834009	-0.006510141	0
236	41585491	0.006430213	-0.00582432	0.707244191	0.706916108	0.015177228	0.255831935	0.000774259	0
237	41602158	0.00643254	-0.005806562	0.707247429	0.706912993	0.009573585	0.248734445	-0.002685381	0
238	41618825	0.006416078	-0.005786772	0.707247323	0.706913411	0.010607137	0.256361532	0.001480858	0
239	41635492	0.006259356	-0.005938688	0.707151612	0.7070093	0.002166049	0.255845781	0.00374894	0
240	41652159	0.00625678	-0.005933584	0.707146224	0.707014754	0.001149013	0.26257887	0.014730088	0
241	41668826	0.006253632	-0.005930029	0.707137588	0.70702345	-0.000389659	0.243833197	-0.00253667	0
242	41685493	0.006245844	-0.005922334	0.707128782	0.70703239	-0.006776565	0.260152733	2.12E-06	0
243	41702160	0.006242069	-0.005919082	0.707128383	0.70703285	-0.006831049	0.260797321	0.000729715	0
244	41718827	0.006232358	-0.005927601	0.707123465	0.707037782	-0.004533116	0.254307865	0.002065445	0
245	41735494	0.006220542	-0.005933099	0.707125518	0.707035788	0.00300211	0.246161712	-0.007594056	0
246	41752161	0.006206706	-0.005932856	0.707131322	0.707030107	0.015512192	0.253227196	-0.002287009	0
247	41768828	0.006207202	-0.005928172	0.707135194	0.707026269	-0.00434073	0.266036821	0.009809758	0
248	41785495	0.006199143	-0.005925762	0.707127901	0.707033654	0.014097973	0.265200239	0.004179511	0
249	41802162	0.006200597	-0.005918023	0.707127362	0.707034245	-0.009333749	0.272300358	0.000910002	0
250	41818829	0.006202487	-0.005906527	0.707123074	0.707038613	0.006377013	0.243953527	0.013995741	0
251	41835496	0.006202657	-0.005898294	0.707122139	0.707039615	0.002110816	0.249399221	-0.002754785	0
252	41852163	0.006193614	-0.005884314	0.707123531	0.707038419	0.004984633	0.249781096	-0.009724129	0
253	41868830	0.006196136	-0.005877275	0.707117697	0.70704429	0.00867359	0.245729773	0.000168869	0
254	41885497	0.006185655	-0.005871501	0.707118996	0.707043131	-0.012625501	0.253559091	0.01846706	0
255	41902164	0.006187606	-0.005864461	0.707117481	0.707044687	0.004332637	0.237894759	0.011675481	0
256	41918831	0.006184993	-0.00586159	0.707114712	0.707047503	9.74E-05	0.224394088	0.004026197	0
257	41935498	0.006176728	-0.005856614	0.70710861	0.707053719	0.008075881	0.251898476	-0.003921181	0
258	41952165	0.006161319	-0.005846408	0.707106442	0.707056106	0.013725813	0.23642724	0.006157968	0
259	41968832	0.006146401	-0.005841645	0.707108578	0.707054139	0.004950576	0.238313208	0.003646759	0
260	41985499	0.006137461	-0.005844912	0.707110832	0.707051935	-0.010006563	0.244311512	-0.001229626	0
261	42002166	0.006132313	-0.005831851	0.707104194	0.707058727	0.005857841	0.257795932	0.006943347	0
262	42018833	0.006120792	-0.00583229	0.707106473	0.707056544	0.003443604	0.259993453	0.013026392	0
263	42035500	0.006123343	-0.005825662	0.707105575	0.707057475	0.003112952	0.249508178	0.002313895	0
264	42052167	0.006110827	-0.005819937	0.707105293	0.707057911	0.005322977	0.231304374	0.007535409	0
265	42068834	0.006112725	-0.005812654	0.707104918	0.707058331	0.005185971	0.254738702	-0.002851649	0
266	42085501	0.006101829	-0.005812029	0.707106712	0.707056636	0.000132058	0.234235272	-0.010926152	0
267	42102168	0.006093655	-0.005802522	0.707107358	0.707056138	0.010856241	0.25478	-0.00332604	0
268	42118835	0.006080689	-0.005806231	0.707108133	0.707055444	0.009590759	0.255251427	-0.004114095	0
269	42135502	0.006074933	-0.005808888	0.70711119	0.707052414	0.016734908	0.242779267	-0.016578321	0
270	42152169	0.006067101	-0.005801418	0.707107112	0.707056621	0.008254481	0.240438233	0.00263086	0
271	42168836	0.006055092	-0.005801788	0.707113285	0.707050548	0.005029597	0.260696838	0.009471566	0
272	42185503	0.006040957	-0.005786829	0.707109838	0.707054238	-0.001152061	0.232618365	-0.006854635	0
273	42202170	0.00604847	-0.00577879	0.707110344	0.707053734	-0.001062892	0.239990548	-0.01326773	0
274	42218837	0.006041367	-0.005760798	0.70710887	0.707055416	-0.008683815	0.264814377	-0.008456517	0
275	42235504	0.00603719	-0.00575406	0.7071151	0.707049276	0.000391064	0.257975528	-0.002434372	0
276	42252171	0.006034869	-0.005745889	0.707114199	0.707050263	0.011147888	0.243263281	0.001535631	0
277	42268838	0.006028779	-0.005738649	0.707109928	0.707054645	0.002669096	0.240698458	-0.001462274	0
278	42285505	0.006029438	-0.005727275	0.707109599	0.707055061	0.002969674	0.236344925	0.008447206	0
279	42302172	0.006025807	-0.005723899	0.707107484	0.707057235	0.006260442	0.252551986	0.001676282	0
280	42318839	0.006022837	-0.0057104	0.707104491	0.707060362	0.006328892	0.243111112	0.008232212	0
281	42335506	0.006017247	-0.005698569	0.707102932	0.707062065	0.002718912	0.247339885	0.00205784	0
282	42352173	0.006007502	-0.005695521	0.707104363	0.70706074	0.007035866	0.250417955	0.00034426	0
283	42368840	0.005987461	-0.00569338	0.707106381	0.70705891	-0.014519668	0.233043738	-0.004972107	0
284	42385507	0.005973828	-0.005698497	0.707104903	0.707060462	0.01031157	0.242102778	-0.011500806	0
285	42402174	0.005974312	-0.005685268	0.707101395	0.707064072	-0.011141476	0.242752238	-0.000671142	0
286	42418841	0.005968575	-0.005683377	0.70709716	0.707068372	-0.004929067	0.259028969	0.00701755	0
287	42435508	0.00596427	-0.005692063	0.707100134	0.707065363	0.007442744	0.232239231	-0.008644343	0
288	42452175	0.005953634	-0.005674598	0.707097828	0.7070679	0.007671885	0.238940743	0.005777314	0
289	42468842	0.005942217	-0.005664376	0.707099058	0.707066848	0.00866249	0.253929582	0.008090505	0
290	42485509	0.005940215	-0.005659522	0.707096606	0.707069355	0.006677798	0.261444689	0.005024208	0
291	42502176	0.005934435	-0.005662036	0.707089857	0.707076134	0.009654061	0.242723025	-0.003445907	0
292	42518843	0.005942426	-0.005651873	0.707089327	0.707076677	0.015288854	0.258316165	0.006724029	0
293	42535510	0.005960128	-0.005654327	0.707096058	0.707069778	0.001113331	0.242389081	0.001401855	0
294	42552177	0.005949085	-0.005647519	0.707095506	0.707070477	0.006181213	0.242378207	0.003616039	0
295	42568844	0.005948678	-0.005651986	0.707095392	0.707070559	0.010159543	0.240199303	0.00058884	0
296	42585511	0.005937901	-0.005648719	0.707093055	0.707073013	0.001906879	0.240167823	0.002442979	0
297	42602178	0.005935791	-0.005649431	0.707090989	0.707075091	-0.000323854	0.2483034	0.005247515	0
298	42618845	0.00592834	-0.005647234	0.707087457	0.707078703	0.006404585	0.243342223	0.006539257	0
299	42635512	0.005924693	-0.005640409	0.707082623	0.707083622	-0.013990905	0.230424722	0.003526363	0
300	42652179	0.005908098	-0.00564113	0.707077743	0.707088635	-0.005487991	0.23831865	0.004898903	0
301	42668846	0.005912123	-0.005643509	0.707079239	0.707087086	0.018429702	0.249244623	0.006991585	0
302	42685513	0.005901777	-0.005650023	0.707076436	0.707089924	0.012812136	0.254344993	0.001240886	0
303	42702180	0.005903685	-0.005644203	0.707072687	0.707093703	0.007288779	0.235445969	0.006574146	0
304	42718847	0.005888367	-0.005638083	0.707071731	0.707094835	0.012519383	0.239618471	0.004052314	0
305	42735514	0.005884917	-0.005624612	0.707069076	0.707097627	-0.002990375	0.233449697	0.005187529	0
306	42752181	0.005880182	-0.005621501	0.70705957	0.707107196	0.000434028	0.24887999	0.013153041	0
307	42768848	0.005870668	-0.005622904	0.707061526	0.707105308	-0.00865701	0.259708337	0.000828809	0
308	42785515	0.005858734	-0.005610954	0.707059963	0.707107065	0.011627042	0.234056688	0.001247624	0
309	42802182	0.005849185	-0.005596953	0.707059286	0.707107932	-0.0125496	0.237250904	0.008215512	0
310	42818849	0.005848563	-0.005584254	0.70705099	0.707116332	0.004452441	0.220063668	0.004994287	0
311	42835516	0.005836469	-0.005579515	0.707046599	0.707120861	-0.004109111	0.241740042	-0.000686143	0
312	42852183	0.005835732	-0.005582472	0.707055961	0.707111482	-0.005678	0.250744552	0.005641733	0
313	42868850	0.005819254	-0.005576554	0.707058057	0.707109569	0.007232752	0.264279332	-0.002358517	0
314	42885517	0.005805795	-0.00557037	0.707055834	0.707111951	-0.012860545	0.243808775	-0.01733788	0
315	42902184	0.005801821	-0.00556919	0.707053373	0.707114454	0.007685245	0.247608626	0.012833347	0
316	42918851	0.005792506	-0.005564023	0.707051424	0.707116519	-0.00452064	0.254056127	0.003871088	0
317	42935518	0.005791475	-0.005556506	0.70705013	0.707117881	0.000302128	0.228332091	0.009139566	0
318	42952185	0.00579236	-0.00554774	0.707047451	0.707120621	0.007565858	0.214483228	-0.000264023	0
319	42968852	0.005773106	-0.005540079	0.707050604	0.707117687	-0.001420304	0.237065563	-0.000515347	0
320	42985519	0.005760178	-0.005545874	0.70704763	0.70712072	0.005359213	0.250691304	0.004561291	0
321	43002186	0.005750998	-0.00553806	0.707046053	0.707122433	0.00849804	0.253939582	0.004781354	0
322	43018853	0.005731228	-0.005538274	0.707047247	0.707121398	-0.007918665	0.244097304	0.008231768	0
323	43035520	0.005720504	-0.005534001	0.707054536	0.707114229	-0.00362059	0.230052972	-0.006690301	0
324	43052187	0.005717824	-0.005530417	0.707058686	0.707110129	0.009642828	0.246354372	0.016514648	0
325	43068854	0.005703682	-0.005535042	0.707059046	0.707109848	-0.004525288	0.236117896	-0.004164589	0
326	43085521	0.005695899	-0.005541108	0.707058243	0.707110666	-0.01341345	0.225058456	-0.001255604	0
327	43102188	0.005688258	-0.005529166	0.707053459	0.707115604	-0.001219741	0.249170449	0.000122361	0
328	43118855	0.005679337	-0.005535032	0.707055774	0.707113316	0.005960581	0.268604248	0.010066477	0
329	43135522	0.005672543	-0.005528145	0.707053667	0.707115531	0.000108944	0.245248709	-0.006308379	0
330	43152189	0.005668918	-0.005530103	0.707054322	0.707114889	0.00353007	0.260074804	0.000147962	0
331	43168856	0.005664314	-0.005513553	0.707056203	0.707113175	0.002441351	0.262769885	8.65E-05	0
332	43185523	0.00565536	-0.005504698	0.707050947	0.707118572	-0.005814468	0.248743953	0.003419392	0
333	43202190	0.005645113	-0.005500218	0.707047073	0.707122561	-0.004590806	0.284329294	-0.007810645	0
334	43218857	0.005642156	-0.00549338	0.707044884	0.707124827	0.006034655	0.240558772	0.008961659	0
335	43235524	0.005639477	-0.005486306	0.70704291	0.707126877	-0.009389624	0.239128811	0.013649386	0
336	43252191	0.005638658	-0.005468902	0.707040991	0.707128937	0.004831387	0.248814621	0.016564648	0
337	43268858	0.005625742	-0.005461038	0.707037855	0.707132237	-0.006151888	0.266604318	0.021443238	0
338	43285525	0.005622563	-0.00545622	0.707033974	0.70713618	0.004366579	0.235539026	0.000342469	0
339	43302192	0.005616097	-0.005448965	0.707035108	0.707135153	0.009889277	0.265037853	0.009008285	0
340	43318859	0.005608257	-0.005454833	0.707036388	0.70713389	0.002075567	0.250203808	0.005948909	0
341	43335526	0.005600962	-0.005447421	0.707033865	0.707136527	-0.001586273	0.24562748	0.011381161	0
342	43352193	0.005600186	-0.005441174	0.707040529	0.707129918	-0.000679402	0.246149937	0.013016552	0
343	43368860	0.005593275	-0.005443963	0.70703753	0.70713295	0.001294352	0.236816198	0.003654014	0
344	43385527	0.005590236	-0.005436684	0.707038909	0.707131652	-0.003225228	0.255011643	0.009721932	0
345	43402194	0.005583568	-0.005432383	0.707030405	0.70714024	-0.003725282	0.263745725	0.00979485	0
346	43418861	0.005583195	-0.005423769	0.707031366	0.707139348	0.012700379	0.240995124	0.000593538	0
347	43435528	0.005574247	-0.005417791	0.707032258	0.707138573	-0.015915189	0.254178289	0.003520648	0
348	43452195	0.005574407	-0.005418612	0.707029628	0.707141195	-0.016121557	0.252896679	0.009598573	0
349	43468862	0.00555431	-0.00541643	0.70702764	0.707143358	-0.001607696	0.237648725	0.014278801	0
350	43485529	0.005545569	-0.005408254	0.707028473	0.707142656	-0.003456516	0.247069917	0.01058992	0
351	43502196	0.005537518	-0.005400525	0.707036355	0.707134897	0.002321726	0.263972459	-0.001007031	0
352	43518863	0.005543025	-0.005394278	0.707037486	0.707133771	5.84E-05	0.235636528	0.003451493	0
353	43535530	0.005537843	-0.005390563	0.707039549	0.707131777	0.004594389	0.23283149	0.011517767	0
354	43552197	0.005530843	-0.00538456	0.7070391	0.707132326	0.00694575	0.238364243	0.006920016	0
355	43568864	0.005531798	-0.005379961	0.707036121	0.707135333	0.007783832	0.246965449	0.025645576	0
356	43585531	0.005526454	-0.00537846	0.707036754	0.707134753	0.007909711	0.261490803	0.00016272	0
357	43602198	0.005516783	-0.005371632	0.707043307	0.707128329	0.009390549	0.246448385	0.000861032	0
358	43618865	0.005516904	-0.005360169	0.707037606	0.707134115	-0.003882607	0.249867386	0.008473293	0
359	43635532	0.005588586	-0.005313231	0.707085291	0.707086225	0.003468985	0.25372421	0.017599447	0
360	43652199	0.005581187	-0.005313576	0.707084442	0.707087129	0.015444438	0.227696398	0.003049655	0
361	43668866	0.005564347	-0.005313954	0.707075362	0.707096339	0.001890861	0.251990329	0.013109456	0
362	43685533	0.005562316	-0.005303014	0.707074871	0.707096928	0.00983672	0.231070858	0.005552916	0
363	43702200	0.005547943	-0.005298042	0.707072441	0.707099508	0.007211244	0.240634593	0.011346375	0
364	43718867	0.005533134	-0.005292797	0.707067797	0.707104308	-0.00343356	0.235364411	0.005238832	0
365	43735534	0.005537152	-0.005287871	0.707069343	0.707102767	0.0066258	0.234795681	-0.002710508	0
366	43752201	0.005536282	-0.005287742	0.707069573	0.707102544	0.002317294	0.241327801	0.007057374	0
367	43768868	0.005520797	-0.00527813	0.707065191	0.707107119	0.015795261	0.257676543	0.010548888	0
368	43785535	0.005505403	-0.005269516	0.707065829	0.707106666	0.010204549	0.227403318	-0.000191451	0
369	43802202	0.005498959	-0.005264088	0.707064516	0.707108069	-0.00048579	0.249883487	0.001185203	0
370	43818869	0.005498387	-0.005264966	0.707062484	0.707110099	-0.004291351	0.251539278	0.005217472	0
371	43835536	0.005501225	-0.005262596	0.707067027	0.707105552	-0.003894416	0.224872475	-0.005226204	0
372	43852203	0.005492812	-0.00526471	0.707062581	0.707110046	-0.000912569	0.230809334	0.004088054	0
373	43868870	0.005488393	-0.005274219	0.707065588	0.707107003	-0.009368336	0.248916409	0.001845565	0
374	43885537	0.005485011	-0.005268089	0.70706534	0.707107323	0.002672161	0.245115904	0.007399917	0
375	43902204	0.005476087	-0.005262083	0.707068271	0.707104507	0.00153789	0.242619455	0.002458283	0
376	43918871	0.005463515	-0.005257459	0.707069841	0.707103068	-0.010387423	0.251436072	0.013850982	0
377	43935538	0.005459599	-0.00524395	0.707074169	0.707098871	-0.012591623	0.260279862	0.013404807	0
378	43952205	0.005452435	-0.005232226	0.707076324	0.707096858	-0.002298038	0.245131512	0.006223722	0
379	43968872	0.005445457	-0.005240843	0.707079905	0.707093267	-0.009065641	0.246319011	0.00260641	0
380	43985539	0.005443274	-0.005239413	0.707085095	0.707088104	-0.008862703	0.223602353	-0.004153074	0
381	44002206	0.005435294	-0.005231955	0.70708586	0.707087457	-0.002630704	0.250898063	0.003600023	0
382	44018873	0.005420073	-0.005230128	0.70708281	0.707090636	0.003128541	0.248740998	-0.001792114	0
383	44035540	0.005417975	-0.005225677	0.707078553	0.707094942	0.013745721	0.235219261	-0.000202032	0
384	44052207	0.005419486	-0.005226758	0.707079191	0.707094285	-0.001074829	0.250574105	0.003859777	0
385	44068874	0.005424156	-0.005221015	0.707078528	0.707094955	-0.006443509	0.243994056	0.016647791	0
386	44085541	0.005409683	-0.005218551	0.707084027	0.707089585	0.018703779	0.256938862	0.013592042	0
387	44102208	0.005397626	-0.005210989	0.707077409	0.707096351	-0.006367402	0.24142207	0.010238469	0
388	44118875	0.005391424	-0.005203808	0.707077764	0.707096096	-0.010949535	0.257208776	0.002103303	0
389	44135542	0.005404279	-0.005201518	0.707072937	0.707100841	-0.00118515	0.232177074	0.003587681	0
390	44152209	0.005402046	-0.005206636	0.7070781	0.707095658	0.002116548	0.252458855	0.010791794	0
391	44168876	0.005398386	-0.005194342	0.707079077	0.707094799	-0.00929465	0.244871406	0.001986151	0
392	44185543	0.00538786	-0.005189493	0.707080232	0.70709376	0.000244694	0.243071516	0.000148867	0
393	44202210	0.005384657	-0.00518106	0.707081975	0.707092104	0.005683869	0.233159587	0.007676852	0
394	44218877	0.005373936	-0.005189641	0.707076322	0.707097774	-0.000735522	0.234156816	0.004076723	0
395	44235544	0.005365502	-0.005177561	0.707070817	0.707103432	-0.005376362	0.246670959	0.003297663	0
396	44252211	0.005353885	-0.00517975	0.70707481	0.707099512	-0.008017098	0.245280598	0.010590823	0
397	44268878	0.005354045	-0.0051731	0.707080571	0.707093799	0.004066256	0.236011504	0.013378414	0
398	44285545	0.00534357	-0.005165257	0.707078819	0.707095687	0.002426272	0.234892503	0.003421179	0
399	44302212	0.005337602	-0.005157168	0.707081102	0.707093507	0.001325246	0.258580294	-0.004709495	0
400	44318879	0.005334299	-0.005163543	0.707078884	0.707095704	-0.004824501	0.240768877	-0.004088623	0
401	44335546	0.005332717	-0.005160872	0.707080158	0.707094462	-0.001300726	0.23427461	0.002092522	0
402	44352213	0.005338742	-0.005155361	0.707076748	0.707097866	-0.003385738	0.253902609	0.001867558	0
403	44368880	0.00534373	-0.005152541	0.707075124	0.707099474	-0.003328306	0.257079743	0.006611477	0
404	44385547	0.005339746	-0.005147811	0.707077345	0.707097316	0.012064454	0.244366281	0.004290622	0
405	44402214	0.005334234	-0.005142014	0.707075237	0.707099508	-0.005755291	0.232892917	-0.005512727	0
406	44418881	0.005327286	-0.005128942	0.707079427	0.707095466	-0.004286511	0.244585279	0.001210172	0
407	44435548	0.005322347	-0.005130517	0.707078469	0.707096449	0.003119799	0.247053438	-0.003484647	0
408	44452215	0.005314096	-0.005130414	0.70707641	0.707098571	-0.011388747	0.244362929	0.000530215	0
409	44468882	0.005306627	-0.005128503	0.707074679	0.707100372	-0.01063728	0.23825523	-0.002750275	0
410	44485549	0.005308562	-0.005116573	0.707076528	0.707098595	-0.014443212	0.24182102	-0.015405735	0
411	44502216	0.005303861	-0.00511392	0.707070738	0.707104439	-0.010089065	0.2586257	0.001018781	0
412	44518883	0.005300549	-0.005100816	0.707072429	0.707102868	-0.014376416	0.240518797	-0.000522276	0
413	44535550	0.005296893	-0.005095292	0.707070947	0.707104418	-0.002303649	0.235275076	-0.002897867	0
414	44552217	0.005296913	-0.005084139	0.707067559	0.707107886	0.003063397	0.238876903	0.006043716	0
415	44568884	0.005285289	-0.005083891	0.707062734	0.707112799	-0.016782598	0.262395044	-0.011389581	0
416	44585551	0.005283169	-0.005067829	0.707061862	0.707113802	-0.008940581	0.252530309	0.010339843	0
417	44602218	0.005280631	-0.00506422	0.707060337	0.707115371	-0.004254301	0.26052517	0.009034613	0
418	44618885	0.005271857	-0.005044046	0.707060866	0.707115052	0.006458855	0.255988189	-0.003728452	0
419	44635552	0.005278449	-0.005037217	0.707067616	0.707108302	-0.010186628	0.23024766	-0.004132905	0
420	44652219	0.00527087	-0.005042013	0.707067061	0.70710888	0.007254482	0.219935403	0.00797963	0
421	44668886	0.005269411	-0.005035884	0.707073355	0.70710264	-0.000419825	0.25733409	0.001407481	0
422	44685553	0.00526372	-0.005029377	0.707062523	0.70711356	0.002127851	0.250535091	-0.005687832	0
423	44702220	0.005266396	-0.005014209	0.707058929	0.707117242	0.005797123	0.225627493	-0.004445771	0
424	44718887	0.005269505	-0.005016855	0.707059899	0.70711623	-0.006769781	0.230303146	-0.002186225	0
425	44735554	0.005269747	-0.005022865	0.707062381	0.707113704	-0.005992524	0.263288015	0.009230042	0
426	44752221	0.005266576	-0.005018966	0.707052227	0.707123908	0.005925705	0.235951027	-0.007628178	0
427	44768888	0.005271699	-0.005012634	0.707054515	0.707121627	0.016815938	0.214212185	0.013182915	0
428	44785555	0.00526301	-0.005018063	0.707056806	0.707119362	0.005627625	0.236231702	0.003249129	0
429	44802222	0.005256967	-0.005022519	0.707055121	0.707121061	-0.004986321	0.254984327	-0.000653914	0
430	44818889	0.005256031	-0.005025379	0.707054656	0.707121512	-0.007970572	0.267756418	0.000439529	0
431	44835556	0.005255188	-0.005019385	0.707052316	0.707123901	-0.00622687	0.257956181	0.000835637	0
432	44852223	0.005245277	-0.005024084	0.70705077	0.707125487	0.011546248	0.225936081	0.00613373	0
433	44868890	0.005234626	-0.005030044	0.707044871	0.707131422	-0.001640411	0.198010959	-0.006264539	0
434	44885557	0.005264868	-0.004997166	0.707044056	0.707132245	-0.004370252	0.307358655	-0.005781254	0
435	44902224	0.00521399	-0.005028992	0.707051672	0.707124782	0.009875624	0.216997513	0.005915004	0
436	44918891	0.005227926	-0.004999274	0.707051141	0.707125421	0.003622132	0.21261739	-0.001024185	0
437	44935558	0.00524514	-0.004977366	0.707051938	0.70712465	-0.006533913	0.286282459	0.003175473	0
438	44952225	0.005225818	-0.004984878	0.70704869	0.707127989	0.017691279	0.234320147	0.005315572	0
439	44968892	0.005232316	-0.004979236	0.707043355	0.707133314	-0.013670669	0.264686654	5.21E-05	0
440	44985559	0.005218758	-0.004975636	0.707044513	0.707132282	0.004538384	0.221921291	0.008334223	0
441	45002226	0.005232247	-0.004966636	0.707040233	0.707136525	0.001882394	0.259238048	-0.003129237	0
442	45018893	0.005217948	-0.004968802	0.707042445	0.707134404	-0.009184201	0.247706549	-0.004890975	0
443	45035560	0.005212151	-0.004964241	0.707042082	0.707134842	-0.003191577	0.252068064	-0.001253131	0
444	45052227	0.005208523	-0.004965405	0.707045733	0.70713121	0.009925068	0.231103234	-0.011247041	0
445	45068894	0.005201627	-0.004945163	0.707039125	0.707138009	-0.010458719	0.241274135	0.008036156	0
446	45085561	0.005195192	-0.004945061	0.70703968	0.707137503	-0.002978187	0.260907545	-0.002566853	0
447	45102228	0.005187328	-0.004951251	0.707039094	0.707138103	-0.019094781	0.256684859	0.002860938	0
448	45118895	0.005198971	-0.004946701	0.707039005	0.707138139	0.003329125	0.243817448	0.009912705	0
449	45135562	0.005198419	-0.004936749	0.707035754	0.707141462	-0.003720425	0.247634039	0.012525402	0
450	45152229	0.005187882	-0.004933373	0.707035723	0.707141594	0.0054394	0.249550125	0.00489366	0
451	45168896	0.005183836	-0.004924888	0.707037821	0.707139586	-0.000683071	0.253232895	-0.015079245	0
452	45185563	0.005172172	-0.004910694	0.70703336	0.70714423	-0.000852773	0.247598015	0.010751389	0
453	45202230	0.005170426	-0.004897301	0.707037779	0.707139917	0.000172329	0.238734329	-0.00063856	0
454	45218897	0.005175884	-0.004893671	0.707032791	0.70714489	0.004977492	0.272145513	0.002023075	0
455	45235564	0.005154051	-0.004894538	0.707034627	0.707143207	-0.013498971	0.251326435	0.00435231	0
456	45252231	0.005151652	-0.004898925	0.707040314	0.707137508	0.005231284	0.240536293	-0.003390689	0
457	45268898	0.005154235	-0.00490084	0.707043899	0.707133892	0.002652415	0.240741137	0.011435385	0
458	45285565	0.005152643	-0.004895427	0.707044866	0.707132974	-0.000599747	0.250925277	0.011568173	0
459	45302232	0.00514591	-0.004890699	0.707045058	0.707132863	0.003524985	0.242619089	0.006477234	0
460	45318899	0.005146575	-0.004886581	0.707041667	0.707136277	0.003358079	0.253280381	-0.003849978	0
461	45335566	0.005144405	-0.004897352	0.707051786	0.707126101	-0.007513802	0.25490922	0.016546706	0
462	45352233	0.005147188	-0.004893854	0.707046814	0.707131077	-0.005539712	0.249526403	0.003682188	0
463	45368900	0.00514908	-0.004885602	0.707045875	0.707132059	0.00640149	0.256801095	0.001870549	0
464	45385567	0.00513339	-0.004892182	0.707046055	0.707131948	0.001436208	0.232056946	-0.008063436	0
465	45402234	0.005131896	-0.00488112	0.707050333	0.707127757	-0.004915795	0.253769163	0.009537194	0
466	45418901	0.005130884	-0.004875336	0.707048352	0.707129785	0.001928237	0.252112073	0.009835136	0
467	45435568	0.005121715	-0.004863466	0.707043201	0.707135084	0.001110486	0.248744263	-0.003117982	0
468	45452235	0.005112585	-0.00486394	0.707048444	0.707129904	-0.010232093	0.235878293	-0.002112405	0
469	45468902	0.00510527	-0.004863617	0.707036837	0.707141565	-0.009190451	0.23767147	0.006721641	0
470	45485569	0.005100601	-0.004875297	0.707035026	0.707143329	-0.000682818	0.24614366	0.004233467	0
471	45502236	0.00509763	-0.004868193	0.707031419	0.707147005	0.007713873	0.252445932	-0.003660359	0
472	45518903	0.005091877	-0.004868569	0.707025329	0.707153133	-0.002669928	0.269489903	0.003077465	0
473	45535570	0.005080476	-0.004867476	0.707025692	0.70715286	-0.014582632	0.261801568	-0.006305203	0
474	45552237	0.005072548	-0.004878836	0.707021897	0.707156633	-0.004248763	0.25910551	0.004844324	0
475	45568904	0.005070138	-0.004883075	0.707020316	0.707158201	0.006220825	0.25564643	-0.004793684	0
476	45585571	0.005059535	-0.004879342	0.707017074	0.707161545	0.000954716	0.24947335	-4.60E-05	0
477	45602238	0.005051906	-0.004878052	0.707016423	0.707162259	0.000940822	0.258581916	-0.002002596	0
478	45618905	0.005045534	-0.004886919	0.707019487	0.70715918	-0.010046785	0.267018351	0.006008472	0
479	45635572	0.005120034	-0.004880708	0.707047745	0.707130434	-0.002412844	0.23728885	0.008130107	0
480	45652239	0.005122327	-0.004874468	0.707046866	0.707131339	-0.016054945	0.243950318	0.002401411	0
481	45668906	0.005115375	-0.004878194	0.707048968	0.707129262	-0.005218253	0.240887645	-0.001366526	0
482	45685573	0.005120196	-0.004883213	0.707048424	0.707129736	0.012526534	0.238421318	0.005823621	0
483	45702240	0.005122361	-0.004880361	0.707052855	0.70712531	-0.004715659	0.23874465	0.006148508	0
484	45718907	0.005113249	-0.004879702	0.707049582	0.707128653	-0.004758106	0.242951253	-0.007424103	0
485	45735574	0.005109478	-0.004881562	0.707040864	0.707137384	-0.003717069	0.235469315	0.002734492	0
486	45752241	0.005109967	-0.004878641	0.707041888	0.707136377	-0.000462785	0.247442798	0.004478496	0
487	45768908	0.005100585	-0.004878445	0.70704396	0.707134374	0.001940556	0.24472399	-0.00094908	0
488	45785575	0.005104622	-0.004874177	0.707039787	0.707138547	-0.000230411	0.245817964	0.008125731	0
489	45802242	0.005102742	-0.004862247	0.707031245	0.707147184	-0.00322515	0.284672979	-0.001378638	0
490	45818909	0.005105632	-0.004876271	0.707025715	0.707152596	0.013789102	0.228198952	-0.003045993	0
491	45835576	0.005101343	-0.004861023	0.707020843	0.707157602	-0.003556266	0.232880673	0.005148027	0
492	45852243	0.005086144	-0.004862025	0.707015897	0.707162649	-0.003253808	0.247583411	0.007115429	0
493	45868910	0.005090507	-0.004861528	0.707011824	0.707166694	0.003165535	0.246427329	0.01525583	0
494	45885577	0.005091808	-0.004849006	0.707008743	0.70716985	0.012447676	0.244095128	0.016309472	0
495	45902244	0.005097073	-0.004848913	0.707007409	0.707171147	-0.007570573	0.259273968	0.001728669	0
496	45918911	0.005097487	-0.004855668	0.707010779	0.707167729	-0.010594006	0.235601392	0.012002703	0
497	45935578	0.005094535	-0.004860218	0.707012839	0.707165659	-0.007511365	0.243229698	0.004846491	0
498	45952245	0.005094661	-0.004858039	0.707012232	0.707166281	-0.00648218	0.251625375	0.007553066	0
499	45968912	0.005101865	-0.004856228	0.707014422	0.707164051	-0.006625406	0.249869292	0.002314815	0
500	45985579	0.005111019	-0.004853802	0.707017648	0.707160776	0.002667532	0.239228489	-0.003693803	0
501	46002246	0.005106582	-0.00485925	0.707020414	0.707158005	0.000156802	0.272990695	0.000500141	0
502	46018913	0.005100259	-0.004863656	0.70701896	0.707159474	0.005887026	0.249810297	0.002279733	0
503	46035580	0.005099945	-0.004845808	0.707021007	0.707157553	0.001162318	0.264695387	0.01923194	0
504	46052247	0.005101132	-0.004846081	0.707015729	0.707162819	-0.007639995	0.249310588	-0.000734284	0
505	46068914	0.00510608	-0.004843641	0.707010496	0.707168032	-0.002401887	0.264154621	0.002422207	0
506	46085581	0.005099753	-0.004838572	0.707017173	0.707161437	0.004450975	0.26025275	0.006719125	0
507	46102248	0.005091344	-0.004835456	0.707013248	0.707165443	0.007747758	0.224637154	-0.015422697	0
508	46118915	0.005085658	-0.004839258	0.707014547	0.707164159	0.004556724	0.242275049	0.000541409	0
509	46135582	0.005079467	-0.00483966	0.707013572	0.707165176	-0.000759123	0.237981008	0.013475936	0
510	46152249	0.005075429	-0.004830218	0.707008816	0.707170024	9.03E-05	0.255945901	0.019037176	0
511	46168916	0.005069317	-0.004829076	0.707005971	0.70717292	-0.002521336	0.256778473	0.002845993	0
512	46185583	0.005051625	-0.004831617	0.707002253	0.707176747	0.0041795	0.231025291	-0.012580582	0
513	46202250	0.005048393	-0.004828437	0.706995094	0.707183949	-0.004022065	0.250430106	-0.001646682	0
514	46218917	0.005051112	-0.004827088	0.706989545	0.707189486	0.011638458	0.24637241	-0.001354699	0
515	46235584	0.005050511	-0.004821032	0.706991085	0.707187992	0.001842549	0.264490665	0.004661845	0
516	46252251	0.005050498	-0.004810787	0.706986084	0.707193061	0.00081772	0.240259898	0.00144815	0
517	46268918	0.005041842	-0.004793477	0.706985216	0.707194108	-0.001473237	0.253643886	0.012179804	0
518	46285585	0.00504089	-0.004791468	0.706983207	0.707196137	-0.004150803	0.253729045	0.013055183	0
519	46302252	0.00503657	-0.004792653	0.706987244	0.707192124	-0.006483968	0.256984446	-0.002503985	0
520	46318919	0.005030782	-0.004788664	0.706989043	0.707190394	0.003150641	0.256782215	-0.0074242	0
521	46335586	0.00503105	-0.004779076	0.706989512	0.707189988	0.007862672	0.264349904	0.013774231	0
522	46352253	0.005028167	-0.004771031	0.706989142	0.707190432	0.004096586	0.244974488	0.007485925	0
523	46368920	0.005033446	-0.004768894	0.706980806	0.707198743	0.004052468	0.198816127	-0.010856319	0
524	46385587	0.005065648	-0.004741483	0.70697796	0.707201542	0.024868145	0.346748909	-0.012730735	0
525	46402254	0.004993884	-0.004817786	0.706982627	0.707196871	-0.01606667	0.182401029	0.004029704	0
526	46418921	0.00503893	-0.004761343	0.706981615	0.707197946	0.003122201	0.192005561	0.012028769	0
527	46435588	0.005056085	-0.004744072	0.706976641	0.707202913	0.018565778	0.344217616	-0.002238901	0
528	46452255	0.005008276	-0.0047864	0.706981026	0.707198583	-0.001126235	0.248094964	0.022286994	0
529	46468922	0.005031255	-0.00476486	0.706980024	0.707199567	0.006999462	0.232414866	0.005015864	0
530	46485589	0.005015717	-0.004765464	0.706976774	0.707202923	0.012914811	0.27856001	-0.004133128	0
531	46502256	0.005002992	-0.004778112	0.706971843	0.707207857	-0.006871791	0.21179344	0.005235116	0
532	46518923	0.005019353	-0.004767439	0.70697242	0.707207236	0.005814255	0.253062866	-0.000794264	0
533	46535590	0.005015339	-0.004762302	0.706968692	0.707211026	-0.002046014	0.274658189	-0.001041242	0
534	46552257	0.004992735	-0.004788186	0.706980841	0.707198867	0.004914809	0.205599962	0.003738527	0
535	46568924	0.005004987	-0.00475762	0.706979071	0.707200755	0.015061495	0.259386654	0.007714522	0
536	46585591	0.004999472	-0.004747065	0.70698212	0.707197817	-0.004588135	0.261550812	-0.007405018	0
537	46602258	0.004992844	-0.004752886	0.706982066	0.707197879	-0.009365601	0.228202149	0.017009654	0
538	46618925	0.004996908	-0.004738667	0.706973883	0.707206126	0.005269729	0.247180187	0.001927355	0
539	46635592	0.00499132	-0.004743512	0.706969771	0.707210244	0.004832199	0.26413834	0.002945472	0
540	46652259	0.004992383	-0.004747483	0.706968477	0.707211503	0.007587974	0.224554651	0.005505745	0
541	46668926	0.005003893	-0.004730032	0.706973048	0.707206969	0.007060537	0.259616779	0.005661967	0
542	46685593	0.005002745	-0.004735846	0.706971061	0.707208925	0.003284047	0.24176051	0.002783521	0
543	46702260	0.005005459	-0.004737746	0.706963643	0.707216308	-0.010421464	0.237636376	0.008844726	0
544	46718927	0.004993736	-0.004726372	0.706964871	0.70721524	0.001529005	0.270027965	0.008795046	0
545	46735594	0.00498397	-0.004731248	0.706965402	0.707214745	0.000197229	0.230828296	0.016480005	0
546	46752261	0.004980283	-0.004729155	0.706960055	0.707220131	0.000329736	0.227374817	0.014963174	0
547	46768928	0.004994299	-0.004716992	0.706952398	0.707227766	0.005326354	0.270440014	-0.01495368	0
548	46785595	0.004980067	-0.004715847	0.706949026	0.707231246	-0.004723009	0.223118013	0.0034898	0
549	46802262	0.004964924	-0.004717901	0.706950685	0.70722968	-0.002663902	0.217400355	0.001078291	0
550	46818929	0.004954625	-0.004714084	0.706954243	0.707226221	-0.011624141	0.266277685	0.005893904	0
551	46835596	0.004954154	-0.004704319	0.706952354	0.707228178	-0.005670952	0.236019638	-0.001227769	0
552	46852263	0.004971851	-0.004687086	0.706950692	0.707229829	0.002426898	0.237097876	0.006083832	0
553	46868930	0.004979393	-0.004692487	0.706954482	0.707225951	-0.017325171	0.257296508	-0.001512047	0
554	46885597	0.004964774	-0.004695409	0.706952996	0.707227521	0.012302691	0.229280246	0.006223995	0
555	46902264	0.004951297	-0.00469715	0.706953928	0.707226672	0.011740679	0.237066218	0.009990652	0
556	46918931	0.004944915	-0.004703068	0.706957892	0.707222714	-0.002873941	0.256241355	0.011096311	0
557	46935598	0.004932444	-0.004706594	0.706957656	0.707223014	0.009165493	0.257128001	0.002686668	0
558	46952265	0.004943074	-0.004702699	0.70695764	0.707222981	-0.002608028	0.248040405	0.003772757	0
559	46968932	0.004931735	-0.00469026	0.706954588	0.707226194	0.004165305	0.255404563	0.006994453	0
560	46985599	0.004922706	-0.004691968	0.706957921	0.707222914	-0.001982356	0.246795495	0.017820511	0
561	47002266	0.004922252	-0.004688079	0.706964851	0.707216016	-0.001539397	0.273849518	0.010014917	0
562	47018933	0.004919121	-0.004674784	0.706967189	0.707213788	-0.002649272	0.273871084	0.011905839	0
563	47035600	0.004910108	-0.004671279	0.7069709	0.707210164	-0.020016693	0.225063655	0.012862119	0
564	47052267	0.004906195	-0.004667486	0.706978247	0.707202872	-0.002023196	0.251522992	-0.002914218	0
565	47068934	0.004900664	-0.004668729	0.706981689	0.707199461	0.009174973	0.249496239	-0.002740648	0
566	47085601	0.004885236	-0.004666064	0.706984689	0.707196586	0.007842749	0.243575708	0.002994544	0
567	47102268	0.004887945	-0.004651122	0.706985337	0.707196019	0.010485884	0.237623619	0.001818018	0
568	47118935	0.004872398	-0.004647167	0.706985969	0.70719552	-0.003514789	0.236109306	0.002357373	0
569	47135602	0.004874312	-0.004642708	0.706985246	0.707196259	0.003448882	0.235363288	-0.004232466	0
570	47152269	0.004873062	-0.004641447	0.706988292	0.707193231	-0.002501149	0.2622997	0.014243428	0
571	47168936	0.004866578	-0.004638806	0.706985102	0.707196482	-0.002997432	0.228489626	-0.000573752	0
572	47185603	0.004855813	-0.004636519	0.706985795	0.707195878	-0.000960034	0.247321932	0.005479982	0
573	47202270	0.004858928	-0.004632116	0.70698455	0.707197129	0.001105158	0.250651688	0.024166943	0
574	47218937	0.004862749	-0.00462646	0.706988874	0.707192818	0.009183793	0.234000912	-0.007772302	0
575	47235604	0.004856053	-0.004622971	0.706987028	0.707194732	-0.001137421	0.226641876	0.00873742	0
576	47252271	0.004851276	-0.004622294	0.706986446	0.707195352	0.008317932	0.264357611	0.003417534	0
577	47268938	0.004848977	-0.004625472	0.706983209	0.707198583	0.006603888	0.246950261	-0.000565165	0
578	47285605	0.00484055	-0.004629435	0.706980473	0.707201349	0.001154099	0.240197553	0.005441728	0
579	47302272	0.004828537	-0.004625293	0.706978619	0.707203311	0.000330223	0.241951605	-0.000451502	0
580	47318939	0.004832879	-0.004632232	0.70698058	0.707201277	-0.006924633	0.262563537	0.008734482	0
581	47335606	0.00483248	-0.004637345	0.706981805	0.707200021	-0.004698796	0.253451616	-0.001671037	0
582	47352273	0.004829824	-0.004630775	0.706978314	0.707203572	0.011834425	0.255735004	0.014780076	0
583	47368940	0.004817034	-0.004628613	0.706975498	0.707206489	-0.006418386	0.24796928	0.010150621	0
584	47385607	0.004813844	-0.004612757	0.706970667	0.707211443	-0.007703881	0.235893813	0.012866703	0
585	47402274	0.004810249	-0.004609301	0.706965866	0.70721629	-0.007221166	0.251501561	0.01105227	0
586	47418941	0.00481184	-0.004603985	0.706965906	0.707216274	0.017660637	0.26480223	0.005666549	0
587	47435608	0.004807784	-0.00459597	0.70696879	0.70721347	5.40E-05	0.249011778	0.010721361	0
588	47452275	0.004816987	-0.00458786	0.706969695	0.707212555	0.002185211	0.233935538	0.004289861	0
589	47468942	0.004811613	-0.004591143	0.706971647	0.707210619	-0.000381091	0.240957775	0.001433676	0
590	47485609	0.004798495	-0.00458545	0.706968534	0.707213857	0.005283776	0.260923958	0.014535845	0
591	47502276	0.004800939	-0.004570491	0.706968399	0.707214073	0.002558829	0.230842448	0.003708243	0
592	47518943	0.004799555	-0.004567434	0.706966953	0.707215547	0.012145124	0.24822785	0.005834927	0
593	47535610	0.004800573	-0.004561108	0.706964753	0.707217781	0.006862692	0.24330295	0.017137849	0
594	47552277	0.004802241	-0.00454664	0.706964092	0.707218523	0.000426771	0.235593694	0.019653981	0
595	47568944	0.004794183	-0.004545155	0.706961151	0.707221528	0.020362366	0.24898397	-0.003089523	0
596	47585611	0.004790565	-0.004536837	0.706963436	0.707219321	0.01759553	0.24867802	-0.001873316	0
597	47602278	0.004785144	-0.004526142	0.706958675	0.707224185	0.001844223	0.238302031	0.002577252	0
598	47618945	0.004790271	-0.004519477	0.706951476	0.70723139	-0.000942211	0.237276383	0.000339424	0
599	47635612	0.00478556	-0.004563953	0.706982605	0.707200017	0.001475638	0.242853725	-0.003883693	0
600	47652279	0.004773274	-0.004563483	0.706983025	0.707199684	0.005982733	0.244109492	0.013517358	0
601	47668946	0.004763376	-0.004572071	0.706978323	0.707204396	-0.002157895	0.250891858	0.008682776	0
602	47685613	0.004768139	-0.004571141	0.706979445	0.707203248	-0.000256636	0.23214294	0.008402131	0
603	47702280	0.004765192	-0.004574185	0.70698618	0.707196515	-0.001445596	0.241825254	0.002987411	0
604	47718947	0.004763554	-0.004582374	0.706984655	0.707197997	-0.003509939	0.267874054	0.01461718	0
605	47735614	0.004762235	-0.004586636	0.706987238	0.707195397	-0.005114474	0.244620042	-0.011534996	0
606	47752281	0.004766395	-0.004580692	0.706991295	0.707191352	-0.000530168	0.235658668	0.02421473	0
607	47768948	0.004760304	-0.004581654	0.706982495	0.707200183	0.005576521	0.257209914	0.013653222	0
608	47785615	0.004757768	-0.004585392	0.706980126	0.707202545	-0.004679845	0.245019571	0.003204379	0
609	47802282	0.004764552	-0.004577878	0.706967937	0.707214733	0.010670939	0.234605936	0.003685902	0
610	47818949	0.004774407	-0.00456743	0.706963884	0.707218785	-0.002391303	0.251351533	0.020623808	0
611	47835616	0.00477237	-0.004567926	0.706959938	0.707222741	0.015022362	0.244100632	-0.005405793	0
612	47852283	0.00476456	-0.004562037	0.706960042	0.707222727	-0.014991009	0.24035529	0.000121754	0
613	47868950	0.004757596	-0.004563747	0.706957612	0.707225192	-0.004608707	0.27433383	0.008865375	0
614	47885617	0.004755777	-0.00456693	0.706955219	0.707227576	-0.002464477	0.244526955	0.014161639	0
615	47902284	0.004749455	-0.004559239	0.706957528	0.70722536	-0.005389271	0.244259325	0.007729154	0
616	47918951	0.004748485	-0.004557442	0.706957275	0.707225631	-0.008495205	0.238434769	0.003891314	0
617	47935618	0.004748124	-0.004562812	0.706951151	0.70723172	0.000300803	0.264243981	0.016772128	0
618	47952285	0.004735936	-0.004552263	0.706957583	0.707225441	0.011191305	0.245728331	0.019003048	0
