sep=									
DeviceTag:	Xsens_4								
FirmwareVersion:	2.2.1								
AppVersion:	2023.0.0								
SyncStatus:	Un-synced								
OutputRate:	60Hz								
FilterProfile:	General								
Measurement Mode:	Sensor fusion Mode - Extended (Quaternion)								
StartTime:	2023-07-11 15:23:06.900 +0200								
© Movella Technologies B. V. 2005-2023									
PacketCounter	SampleTimeFine	Quat_W	Quat_X	Quat_Y	Quat_Z	FreeAcc_X	FreeAcc_Y	FreeAcc_Z	Status
1	27659403	0	-9.58E-18	-0.707106781	-0.707106781	0.010808528	0.39968872	0.013555118	0
2	27676070	0.000188828	0.000151479	-0.707280224	-0.706933255	-0.003959779	0.436557805	0.000220011	0
3	27692737	0.000231683	0.000323665	-0.707426951	-0.706786354	-0.016105957	0.450276936	0.000204361	0
4	27709404	0.000303739	0.000340675	-0.707565136	-0.706647982	0.008438259	0.442255159	-0.008435597	0
5	27726071	0.000317926	0.000468772	-0.707664445	-0.70654845	-0.007469546	0.444195119	-0.014907918	0
6	27742738	0.000332853	0.000558365	-0.707748879	-0.706463801	-0.00525257	0.422519623	-0.020862498	0
7	27759405	0.00034432	0.000647307	-0.707816822	-0.706395646	0.005160517	0.411543662	-0.017638167	0
8	27776072	0.000366401	0.000747312	-0.707885086	-0.706327129	0.002121176	0.423267225	-0.011110037	0
9	27792739	0.000394272	0.00084222	-0.70795584	-0.706256089	-0.009373046	0.434696222	-0.020787656	0
10	27809406	0.000421978	0.000931667	-0.708026959	-0.706184663	-0.003845672	0.42959819	-0.022454124	0
11	27826073	0.000455761	0.001016277	-0.708105043	-0.70610623	-0.014150847	0.439188981	-0.021749123	0
12	27842740	0.000463111	0.001112364	-0.708180177	-0.706030725	-0.015760597	0.442472433	-0.025468352	0
13	27859407	0.000492207	0.001196352	-0.708254853	-0.705955657	-0.010660922	0.446071542	-0.028523231	0
14	27876074	0.000514597	0.001279863	-0.708332614	-0.705877472	-0.013919142	0.420111499	-0.028297205	0
15	27892741	0.000522502	0.001365315	-0.708406364	-0.705803291	-0.009269853	0.459621436	-0.037132315	0
16	27909408	0.000533077	0.001452624	-0.708482362	-0.705726823	-0.005057242	0.448585062	-0.03390273	0
17	27926075	0.000540285	0.001542478	-0.708563384	-0.705645279	-0.009845862	0.449123268	-0.018850184	0
18	27942742	0.000566513	0.001626942	-0.708642099	-0.705566019	-0.017637337	0.442156226	-0.053722186	0
19	27959409	0.000576982	0.001723443	-0.708721005	-0.705486523	-0.017809395	0.445608624	-0.048814315	0
20	27976076	0.000605877	0.001802035	-0.708794869	-0.705412092	-0.00055123	0.433466611	-0.041988995	0
21	27992743	0.000640645	0.001883377	-0.70886906	-0.705337294	-0.01830858	0.448287359	-0.053603292	0
22	28009410	0.000656238	0.001973268	-0.708945616	-0.705260086	-0.003957144	0.441407524	-0.054342662	0
23	28026077	0.000675835	0.002047334	-0.709017949	-0.705187138	-0.005497207	0.417404301	-0.06428368	0
24	28042744	0.000690221	0.002127118	-0.709093357	-0.705111062	-0.001625882	0.446138859	-0.067342501	0
25	28059411	0.000731134	0.002211272	-0.709163764	-0.70503995	-0.006900457	0.437058639	-0.060828963	0
26	28076078	0.000757616	0.002301648	-0.709237802	-0.704965155	-0.011134933	0.430094856	-0.082447242	0
27	28092745	0.00079065	0.002387911	-0.709309668	-0.704892522	-0.017539833	0.44504787	-0.075084169	0
28	28109412	0.000816386	0.002469793	-0.709382557	-0.704818857	-0.018124371	0.444630832	-0.078956926	0
29	28126079	0.000840131	0.002561625	-0.709451856	-0.704748747	-0.01714493	0.445946054	-0.069510642	0
30	28142746	0.000847821	0.002653694	-0.70951954	-0.704680254	-0.017562842	0.44717422	-0.082316743	0
31	28159413	0.000864044	0.0027505	-0.709594353	-0.704604529	-0.014123768	0.4248065	-0.072855741	0
32	28176080	0.000895982	0.002841459	-0.709663673	-0.70453431	-0.020262502	0.434894569	-0.078910699	0
33	28192747	0.000909918	0.002929025	-0.709736676	-0.704460391	-0.003725492	0.417394318	-0.094151885	0
34	28209414	0.000933735	0.003018072	-0.709808449	-0.704387667	-0.014081372	0.469334106	-0.097400934	0
35	28226081	0.000950717	0.003107467	-0.709881587	-0.704313547	-0.016723686	0.45051286	-0.094425647	0
36	28242748	0.000972366	0.00319627	-0.709956204	-0.704237905	-0.003070708	0.433999703	-0.104941769	0
37	28259415	0.00098409	0.003292605	-0.710023286	-0.704169812	-0.014253067	0.446020878	-0.088365977	0
38	28276082	0.001006399	0.003367452	-0.71009368	-0.70409844	-0.007116767	0.450839023	-0.088414041	0
39	28292749	0.001044195	0.003449676	-0.710163138	-0.704027931	-0.016954861	0.446659113	-0.098763263	0
40	28309416	0.001069177	0.003534087	-0.710236244	-0.703953723	0.007318555	0.446108655	-0.111520121	0
41	28326083	0.001094325	0.003612718	-0.710303802	-0.703885118	-0.030929102	0.446960481	-0.113114469	0
42	28342750	0.00111308	0.003700642	-0.71037588	-0.703811889	-0.01992756	0.424578972	-0.108182091	0
43	28359417	0.001130339	0.003803393	-0.710443548	-0.703743008	-0.013717384	0.41178764	-0.116196421	0
44	28376084	0.001145209	0.003904678	-0.710510297	-0.703675039	-0.01281455	0.434710913	-0.113652328	0
45	28392751	0.001161527	0.003987358	-0.710581665	-0.703602479	-0.026127718	0.436667363	-0.129907832	0
46	28409418	0.001191871	0.004073415	-0.71065057	-0.70353234	-0.017683283	0.440343688	-0.117518751	0
47	28426085	0.00120801	0.004158689	-0.710710189	-0.703471586	-0.015518149	0.420805679	-0.132762774	0
48	28442752	0.001227492	0.004243911	-0.710775092	-0.703405467	-0.018952875	0.446033171	-0.142485472	0
49	28459419	0.001243329	0.004324424	-0.710842383	-0.703336946	-0.014337303	0.433971166	-0.138023803	0
50	28476086	0.001266335	0.00442399	-0.710908704	-0.703269251	-0.018434841	0.441228112	-0.121033976	0
51	28492753	0.001283836	0.004509494	-0.710973257	-0.703203415	-0.023858937	0.427040299	-0.122619968	0
52	28509420	0.001309422	0.004586307	-0.71103613	-0.703139298	-0.026504825	0.443961275	-0.13737732	0
53	28526087	0.001318705	0.004674482	-0.711102514	-0.703071564	-0.018967183	0.440346828	-0.133009145	0
54	28542754	0.001340491	0.004759573	-0.711175978	-0.702996642	-0.027060521	0.451955516	-0.143284955	0
55	28559421	0.001367091	0.004833978	-0.711243776	-0.702927489	-0.007525082	0.423320072	-0.139369617	0
56	28576088	0.0013924	0.004928626	-0.711311797	-0.70285795	-0.022024264	0.441330262	-0.129950506	0
57	28592755	0.00140101	0.005020525	-0.711378943	-0.702789322	-0.023734015	0.447131105	-0.155955496	0
58	28609422	0.001417576	0.005103176	-0.711451583	-0.702715158	-0.018388999	0.450704669	-0.146797772	0
59	28626089	0.001427815	0.005203784	-0.711512678	-0.702652539	-0.030838501	0.425777448	-0.161700331	0
60	28642756	0.00145266	0.005281407	-0.711576181	-0.702587599	-0.023298417	0.435290667	-0.155568885	0
61	28659423	0.001478706	0.005361694	-0.711638974	-0.702523335	-0.005797133	0.4199442	-0.151662244	0
62	28676090	0.001490909	0.005452688	-0.711700542	-0.702460237	-0.020166596	0.438124791	-0.163466891	0
63	28692757	0.001502117	0.005534728	-0.711765028	-0.702394231	-0.032273287	0.443317578	-0.143036106	0
64	28709424	0.001517203	0.005625018	-0.711833463	-0.702324127	-0.04060454	0.432614483	-0.164607634	0
65	28726091	0.001529259	0.005712945	-0.7118958	-0.702260204	-0.03540447	0.429523312	-0.157451818	0
66	28742758	0.001543453	0.005797812	-0.711955921	-0.702198526	-0.027335346	0.426131034	-0.166795359	0
67	28759425	0.001544318	0.005895076	-0.712022751	-0.702129949	-0.02576392	0.438444405	-0.182218358	0
68	28776092	0.001564355	0.005974849	-0.712084714	-0.702066388	-0.014837344	0.439388522	-0.177331743	0
69	28792759	0.001575706	0.006064341	-0.712148158	-0.702001241	-0.021392326	0.419534919	-0.189995639	0
70	28809426	0.001603023	0.006153899	-0.712213582	-0.701934024	-0.036966305	0.436709739	-0.186866366	0
71	28826093	0.001622331	0.006220952	-0.712280121	-0.701865868	-0.042874874	0.446016895	-0.190819221	0
72	28842760	0.001641751	0.00630636	-0.712343519	-0.701800716	-0.037442077	0.446507286	-0.184141701	0
73	28859427	0.001653173	0.0063876	-0.712398411	-0.701744234	-0.028194782	0.436561918	-0.192226497	0
74	28876094	0.001662866	0.006468274	-0.712457456	-0.701683525	-0.024682514	0.443089772	-0.191807781	0
75	28892761	0.00168781	0.006556829	-0.712523151	-0.701615933	-0.027119746	0.40241902	-0.173688588	0
76	28909428	0.001702396	0.006644058	-0.712579666	-0.70155768	-0.036949227	0.424582043	-0.191265611	0
77	28926095	0.001715996	0.006718046	-0.712635115	-0.701500617	-0.03775095	0.451326855	-0.190374636	0
78	28942762	0.001723853	0.006807354	-0.712692654	-0.70144128	-0.036520987	0.433508452	-0.191567905	0
79	28959429	0.001737248	0.006878303	-0.712743352	-0.70138904	-0.042165301	0.450147996	-0.189874805	0
80	28976096	0.001758829	0.006962168	-0.712805973	-0.701324518	-0.042884704	0.441433487	-0.183724121	0
81	28992763	0.001762609	0.007043951	-0.712867327	-0.701261328	-0.03863478	0.423697649	-0.18917275	0
82	29009430	0.001774707	0.007123686	-0.712925217	-0.701201639	-0.043375424	0.445440828	-0.193002086	0
83	29026097	0.001790444	0.007190774	-0.712983018	-0.701142142	-0.040200805	0.44080469	-0.192256026	0
84	29042764	0.001804833	0.007266687	-0.713038476	-0.701084923	-0.02958327	0.428000166	-0.192314797	0
85	29059431	0.001803557	0.007353444	-0.713090069	-0.701031546	-0.032936497	0.440427153	-0.190126897	0
86	29076098	0.001821576	0.007434264	-0.713140283	-0.700979565	-0.041685181	0.436619588	-0.196987672	0
87	29092765	0.001834395	0.00751035	-0.713189416	-0.700928731	-0.04688319	0.422139892	-0.202100385	0
88	29109432	0.001833148	0.007587807	-0.713239298	-0.700877143	-0.057979459	0.442138284	-0.209112829	0
89	29126099	0.001849129	0.007676301	-0.713290975	-0.700823544	-0.04012066	0.440997717	-0.207752555	0
90	29142766	0.0018565	0.007750374	-0.713344444	-0.700768285	-0.050884952	0.443687985	-0.204483598	0
91	29159433	0.001858438	0.007818177	-0.713391572	-0.70071955	-0.053199418	0.457400782	-0.209971837	0
92	29176100	0.0018616	0.007896307	-0.713438959	-0.700670418	-0.041356567	0.431954384	-0.231340813	0
93	29192767	0.001874173	0.007965456	-0.713489377	-0.700618261	-0.034540863	0.428934403	-0.214295145	0
94	29209434	0.001880113	0.008033723	-0.713538052	-0.700567893	-0.053145921	0.436526559	-0.228039564	0
95	29226101	0.001889896	0.008109508	-0.713586122	-0.70051803	-0.05196328	0.454530109	-0.226547326	0
96	29242768	0.001906509	0.008184468	-0.713637426	-0.700464848	-0.048375825	0.433674747	-0.210460252	0
97	29259435	0.001917973	0.008249471	-0.713676762	-0.700423976	-0.056818606	0.440733548	-0.223815729	0
98	29276102	0.001927801	0.008321258	-0.71372435	-0.700374609	-0.057970901	0.414566998	-0.221564446	0
99	29292769	0.001932745	0.008391063	-0.713771691	-0.700325515	-0.055339267	0.419673184	-0.226299716	0
100	29309436	0.001933014	0.008452458	-0.713813829	-0.700281827	-0.046470117	0.428687353	-0.245554852	0
101	29326103	0.001935458	0.008506208	-0.713856982	-0.70023718	-0.047343004	0.448327467	-0.237945449	0
102	29342770	0.001940189	0.008568605	-0.713900156	-0.700192389	-0.053950401	0.423247239	-0.223669584	0
103	29359437	0.001948883	0.008641844	-0.713935775	-0.700155147	-0.052117209	0.431740039	-0.229610327	0
104	29376104	0.001944549	0.00871684	-0.713980442	-0.70010868	-0.036530746	0.443964039	-0.223440727	0
105	29392771	0.00194085	0.008786867	-0.714024813	-0.700062562	-0.05334797	0.447524831	-0.239619339	0
106	29409438	0.001948455	0.008848427	-0.714061401	-0.700024445	-0.045616505	0.436374789	-0.233211871	0
107	29426105	0.001947211	0.008908909	-0.714097153	-0.699987211	-0.038542263	0.432009151	-0.239994008	0
108	29442772	0.001934567	0.008973068	-0.714135808	-0.69994699	-0.053118707	0.430996238	-0.239558512	0
109	29459439	0.001922927	0.009034694	-0.714177281	-0.699903913	-0.063857025	0.440644448	-0.240961373	0
110	29476106	0.001925269	0.009091674	-0.714219522	-0.699860064	-0.048028521	0.436812548	-0.24606916	0
111	29492773	0.00192199	0.009153191	-0.714258362	-0.699819632	-0.048844848	0.434373385	-0.250019204	0
112	29509440	0.001913001	0.0092121	-0.714296924	-0.699779524	-0.054542744	0.424833543	-0.256591074	0
113	29526107	0.001905017	0.009274811	-0.714330316	-0.699744631	-0.055661387	0.451245817	-0.235578086	0
114	29542774	0.00190836	0.009326489	-0.714362513	-0.699711065	-0.047506603	0.455441376	-0.247203074	0
115	29559441	0.001897353	0.009376716	-0.714392837	-0.699679463	-0.055271307	0.44457174	-0.239999796	0
116	29576108	0.001892511	0.00942847	-0.71442469	-0.699646257	-0.056118278	0.444230077	-0.263187178	0
117	29592775	0.001870887	0.009494514	-0.714453201	-0.699616308	-0.06119424	0.421164927	-0.252158518	0
118	29609442	0.00187158	0.009551254	-0.714483855	-0.699584228	-0.039309142	0.461078552	-0.249059915	0
119	29626109	0.002276383	-0.002060053	0.707367441	0.706839358	-0.004339992	0.430192327	0.007166657	0
120	29642776	0.002264096	-0.002055905	0.707369176	0.706837673	-0.005102697	0.43338263	3.03E-05	0
121	29659443	0.002265051	-0.002054003	0.707371501	0.706835348	0.001446064	0.427742987	0.000807646	0
122	29676110	0.002254275	-0.002041948	0.707374084	0.706832833	0.003305803	0.442085971	0.004787343	0
123	29692777	0.002250558	-0.002044293	0.707372418	0.706834506	-0.006060958	0.426531914	0.008730589	0
124	29709444	0.002245899	-0.002032051	0.707371722	0.706835253	-0.007384473	0.433376509	-0.009781057	0
125	29726111	0.002236636	-0.002019952	0.707367084	0.706839958	-0.002746897	0.431266824	0.001848786	0
126	29742778	0.002222634	-0.002011043	0.707367377	0.706839734	0.016328616	0.431851582	-0.001418924	0
127	29759445	0.002227976	-0.002007428	0.707359687	0.706847423	-0.000931766	0.432742055	0.012432201	0
128	29776112	0.002214947	-0.002003162	0.70735946	0.706847703	0.008877119	0.441256615	0.003024741	0
129	29792779	0.002211133	-0.001994585	0.707352604	0.7068546	0.002694086	0.421845253	0.01440634	0
130	29809446	0.0022026	-0.001991286	0.707349127	0.706858115	0.005231999	0.433033083	0.010871606	0
131	29826113	0.002195925	-0.00198028	0.707350748	0.706856545	0.01140685	0.455823437	0.004985601	0
132	29842780	0.002180668	-0.001974495	0.707347184	0.706860175	0.002777687	0.428878596	0.00032401	0
133	29859447	0.002180929	-0.001979276	0.707342267	0.706865082	0.01008118	0.415830119	0.003647274	0
134	29876114	0.002171169	-0.001971881	0.70734349	0.706863908	-0.002926463	0.453546367	-0.003524806	0
135	29892781	0.002154494	-0.001980331	0.707339939	0.706867489	0.0033535	0.428895223	-0.012500053	0
136	29909448	0.00214962	-0.001971433	0.707337418	0.706870051	-0.005393379	0.438790268	0.014210737	0
137	29926115	0.002143143	-0.001964211	0.707332428	0.706875084	-0.001596144	0.438798609	-0.007771949	0
138	29942782	0.002132047	-0.001963156	0.707321933	0.706885623	-0.007796911	0.442724124	0.011898488	0
139	29959449	0.002122821	-0.001949416	0.707322092	0.706885529	0.020446657	0.457617402	0.01999638	0
140	29976116	0.002119147	-0.001944006	0.707324307	0.706883339	0.020166519	0.432513698	-0.003367748	0
141	29992783	0.002118368	-0.001937425	0.70732071	0.706886958	-0.001366679	0.433248184	0.005752234	0
142	30009450	0.002115873	-0.001923342	0.707309938	0.706897783	0.009062235	0.451982598	0.004213083	0
143	30026117	0.002110073	-0.001913083	0.707311575	0.70689619	0.003871246	0.444847209	-0.006487969	0
144	30042784	0.002101096	-0.001900096	0.707313964	0.706893862	0.005838489	0.442546456	0.013801076	0
145	30059451	0.002086888	-0.001898149	0.707309561	0.706898314	-0.00632064	0.438705161	-0.005823513	0
146	30076118	0.002065455	-0.001883834	0.707303965	0.706904015	-0.002280748	0.419015989	0.005298052	0
147	30092785	0.002057924	-0.001882738	0.707301318	0.706906688	-0.000734784	0.43038098	-0.0044969	0
148	30109452	0.002049623	-0.001876981	0.707299197	0.706908849	-0.015915919	0.453353394	-0.003150019	0
149	30126119	0.002033404	-0.001877202	0.707297808	0.706910285	-0.01263552	0.439791564	0.011529444	0
150	30142786	0.002021008	-0.001871031	0.707294365	0.706913782	0.004737242	0.438611508	0.010679379	0
151	30159453	0.002020031	-0.001860992	0.707294516	0.70691366	0.002786837	0.442231067	0.001545923	0
152	30176120	0.002014076	-0.001860227	0.7072923	0.706915897	0.00458769	0.44307382	0.00482329	0
153	30192787	0.002009262	-0.001854893	0.707284278	0.70692395	0.002579745	0.448210877	-0.002750892	0
154	30209454	0.002004899	-0.001846233	0.7072853	0.706922964	-0.002355269	0.471254339	-0.003431732	0
155	30226121	0.002007966	-0.001842466	0.707281068	0.706927198	-0.000695501	0.428395797	0.002587248	0
156	30242788	0.002009171	-0.001837108	0.707288301	0.706919973	0.000238104	0.445652343	0.002342467	0
157	30259455	0.001994954	-0.001829764	0.707285016	0.706923319	0.013803421	0.430563326	0.008358451	0
158	30276122	0.00198034	-0.001830582	0.707282304	0.706926071	0.014343888	0.45164928	-0.003191796	0
159	30292789	0.001974337	-0.001820718	0.707289763	0.70691865	0.007597669	0.461646868	0.000832726	0
160	30309456	0.001964782	-0.00181786	0.707290809	0.706917638	0.002692471	0.437577671	0.020033491	0
161	30326123	0.00195527	-0.001806346	0.707286229	0.706922276	-0.010237804	0.458769419	0.000520356	0
162	30342790	0.001947295	-0.001797993	0.707281907	0.706926644	-0.000698672	0.463503625	0.00468046	0
163	30359457	0.001951989	-0.001787331	0.707288893	0.706919668	-0.014039761	0.425660684	0.007246713	0
164	30376124	0.001944444	-0.001775547	0.707287159	0.706921453	0.006660316	0.461291651	0.002874024	0
165	30392791	0.001945987	-0.001780236	0.707295617	0.706912975	0.003387527	0.46104683	-0.0002107	0
166	30409458	0.001928303	-0.001772978	0.707293401	0.706915258	-0.006416938	0.439927371	0.012747567	0
167	30426125	0.001927151	-0.001771121	0.707288285	0.706920385	0.008901579	0.436935733	0.011583549	0
168	30442792	0.001918134	-0.00176565	0.707283347	0.706925364	-0.004440101	0.467448855	0.001581378	0
169	30459459	0.001907339	-0.001759205	0.707288476	0.706920278	0.011383027	0.427925238	0.007823227	0
170	30476126	0.001899667	-0.001754007	0.707291116	0.70691767	0.008496545	0.437287446	0.014949438	0
171	30492793	0.001896921	-0.001746819	0.707288515	0.706920297	-0.008231986	0.436804287	-0.004811328	0
172	30509460	0.001882424	-0.00174699	0.70728859	0.70692026	0.006448721	0.436454318	0.0070362	0
173	30526127	0.001874636	-0.001748759	0.70728441	0.70692446	0.004939324	0.443414725	0.007455375	0
174	30542794	0.001862842	-0.001741534	0.70728252	0.706926399	-0.006654476	0.435986264	0.008722619	0
175	30559461	0.001865368	-0.001735661	0.707285064	0.706923861	0.001657033	0.426227094	0.000510235	0
176	30576128	0.001853745	-0.001740706	0.707287656	0.706921286	0.00388269	0.45183329	0.013048535	0
177	30592795	0.001855067	-0.001738698	0.707292908	0.706916033	0.005491592	0.45045481	0.007183827	0
178	30609462	0.001846701	-0.001733359	0.707295329	0.706913646	0.005909828	0.448145359	0.008853364	0
179	30626129	0.001846097	-0.001732383	0.707294176	0.706914804	0.015246497	0.419606861	0.01279681	0
180	30642796	0.001841868	-0.001729564	0.707304826	0.706904165	0.009849743	0.44138475	-0.008337304	0
181	30659463	0.001837602	-0.001727603	0.70730416	0.706904848	0.002733112	0.454437368	0.017426722	0
182	30676130	0.001835618	-0.001725746	0.707301866	0.706907153	-0.011793943	0.460521738	-0.014602095	0
183	30692797	0.001828095	-0.00172477	0.707299936	0.706909105	0.012478253	0.440159371	0.001723431	0
184	30709464	0.001826977	-0.001715176	0.707304678	0.706904387	0.012271648	0.417961049	0.002659499	0
185	30726131	0.001814016	-0.001705765	0.707303821	0.706905301	-0.002131028	0.423399785	-0.000167903	0
186	30742798	0.00180322	-0.001708737	0.707309336	0.706899803	-0.003875776	0.422209552	0.017264475	0
187	30759465	0.001806481	-0.001708303	0.707311366	0.706897764	0.007558896	0.437615285	-0.00735793	0
188	30776132	0.001807951	-0.001702616	0.707308247	0.706900896	0.016534028	0.453816904	0.00626065	0
189	30792799	0.001797566	-0.001692746	0.707306362	0.706902831	0.017646962	0.437566383	-0.001394534	0
190	30809466	0.001788695	-0.001684397	0.70730522	0.706904017	0.011461532	0.419450551	0.016323503	0
191	30826133	0.001784173	-0.00167818	0.707303219	0.706906046	-0.009189857	0.428388995	0.008092989	0
192	30842800	0.001783158	-0.001669506	0.707306413	0.706902873	-0.002268341	0.457736796	-0.001216097	0
193	30859467	0.001770669	-0.00167765	0.707304883	0.706904415	-0.004203273	0.446117734	0.007350241	0
194	30876134	0.001770191	-0.001681218	0.707302242	0.706907051	0.001475055	0.433532657	0.006003175	0
195	30892801	0.001762774	-0.001686916	0.707297921	0.706911379	0.010104034	0.440252107	-0.002961576	0
196	30909468	0.001760226	-0.001683207	0.707293013	0.706916305	-0.001448133	0.442527267	-0.007703539	0
197	30926135	0.001765832	-0.001678822	0.707294872	0.706914441	-0.007899909	0.452169386	0.001095839	0
198	30942802	0.001770122	-0.001678685	0.707292702	0.706916602	-0.00341791	0.441978739	0.006972409	0
199	30959469	0.001768315	-0.001676156	0.707297706	0.706911606	-0.008000575	0.452603937	-0.001430753	0
200	30976136	0.001759537	-0.00167341	0.707297228	0.706912113	-0.012846854	0.447016368	-0.000920911	0
201	30992803	0.001751218	-0.001674132	0.707296134	0.706913226	-0.004955801	0.438434664	-0.003326597	0
202	31009470	0.001752639	-0.001658269	0.707294913	0.706914481	-0.002916044	0.462339437	0.021269292	0
203	31026137	0.001746678	-0.00164603	0.707291945	0.706917495	0.006136295	0.436804945	-0.000990986	0
204	31042804	0.001736331	-0.001647138	0.707293615	0.706915846	-0.005256619	0.453202132	0.00049568	0
205	31059471	0.001735064	-0.001645093	0.707301295	0.706908171	-0.00940765	0.437148242	-0.002375053	0
206	31076138	0.00172901	-0.001650064	0.707296813	0.706912658	-0.002355165	0.44793127	0.014975167	0
207	31092805	0.001723498	-0.001637306	0.707294399	0.706915116	-0.009936444	0.434931282	0.009497903	0
208	31109472	0.001719919	-0.001640214	0.707294408	0.70691511	-0.002988672	0.446323609	0.000874068	0
209	31126139	0.001708451	-0.001637658	0.707293438	0.706916114	0.00087613	0.42585728	0.006096841	0
210	31142806	0.001693241	-0.001630869	0.707293271	0.706916333	-0.004091772	0.459402395	0.003779348	0
211	31159473	0.00168844	-0.001629766	0.707295167	0.70691445	0.000764037	0.446251322	-0.002664758	0
212	31176140	0.001686814	-0.00162411	0.707287133	0.706922505	-0.005195571	0.437442499	0.004155882	0
213	31192807	0.00168467	-0.001617632	0.707285431	0.706924228	-0.001123234	0.42932479	0.008509933	0
214	31209474	0.001681103	-0.001609274	0.707287078	0.706922607	0.011194589	0.44905027	-0.004554825	0
215	31226141	0.001677875	-0.001607453	0.707289544	0.706920152	0.002454268	0.448895802	0.006358882	0
216	31242808	0.001679489	-0.001613037	0.707289979	0.7069197	-0.002057351	0.466210478	0.010595699	0
217	31259475	0.001679012	-0.001611325	0.707290658	0.706919026	-0.018184742	0.44557453	0.00754198	0
218	31276142	0.001690627	-0.001599634	0.707287338	0.706922347	0.003930756	0.437490953	0.008085147	0
219	31292809	0.001689319	-0.001601809	0.707287175	0.706922508	-0.002459574	0.435359804	0.010890301	0
220	31309476	0.001692325	-0.00160928	0.70728528	0.706924379	0.015406056	0.457597175	0.005104351	0
221	31326143	0.00169265	-0.001606741	0.707292327	0.706917334	0.007691029	0.44599497	0.004829106	0
222	31342810	0.001687905	-0.001605556	0.707294328	0.706915347	0.019237039	0.431370397	0.009029816	0
223	31359477	0.001669091	-0.001604224	0.70729539	0.706914331	0.011583298	0.430079439	0.005285929	0
224	31376144	0.00165545	-0.001593302	0.707292527	0.706917253	0.009866109	0.454123731	0.005945927	0
225	31392811	0.00165362	-0.001581695	0.707289708	0.706920104	-0.00413228	0.451041901	0.002403094	0
226	31409478	0.001657031	-0.00159384	0.707294571	0.706915203	0.000218714	0.429789676	-0.000913311	0
227	31426145	0.001650883	-0.001592104	0.707300283	0.706909505	0.004120507	0.429955446	-0.01087945	0
228	31442812	0.001648202	-0.001589153	0.70730204	0.706907761	0.006479009	0.450492822	0.007146321	0
229	31459479	0.00164442	-0.001590378	0.707301423	0.706908384	0.012707514	0.421312452	-0.002977859	0
230	31476146	0.001643064	-0.001586808	0.707296335	0.706913486	0.003059569	0.437828404	0.006683684	0
231	31492813	0.001632772	-0.001585834	0.707296092	0.706913755	0.004283286	0.435059781	0.003171883	0
232	31509480	0.001631487	-0.001588616	0.707293878	0.706915967	0.018019644	0.440372715	-0.001242579	0
233	31526147	0.001628292	-0.001580032	0.707295947	0.706913924	-0.011787472	0.436764	-0.002219762	0
234	31542814	0.001633839	-0.001572038	0.707294649	0.706915227	0.005873756	0.465072078	0.003663187	0
235	31559481	0.001622016	-0.001567339	0.707287631	0.706922286	-0.001268881	0.45245348	-0.001407292	0
236	31576148	0.001613079	-0.001556448	0.707288586	0.706921376	0.012416977	0.439607307	0.011938563	0
237	31592815	0.001602176	-0.001566799	0.707285461	0.706924505	-0.001036589	0.431788008	-0.0013381	0
238	31609482	0.001608928	-0.001573011	0.707280514	0.706929424	-0.00240449	0.415988785	0.003375487	0
239	31626149	0.001720075	-0.001517921	0.707289536	0.706920257	0.020512153	0.438088612	0.018964286	0
240	31642816	0.001717209	-0.001520717	0.707300637	0.706909151	0.019722785	0.441273845	0.012164732	0
241	31659483	0.001716181	-0.001523397	0.707303912	0.706905871	0.012522612	0.436067975	0.000971156	0
242	31676150	0.001707946	-0.001519558	0.707304286	0.706905525	0.005011242	0.445138916	0.007102337	0
243	31692817	0.001718066	-0.00151083	0.707297872	0.706911937	-3.67E-05	0.430761005	0.001260946	0
244	31709484	0.001716038	-0.001506242	0.707298611	0.706911212	0.002048457	0.466715847	0.02176179	0
245	31726151	0.001704494	-0.00150453	0.707300033	0.706909821	0.005865754	0.450752269	0.00424897	0
246	31742818	0.001701087	-0.00150536	0.707300422	0.706909437	0.014693249	0.445975985	0.018980843	0
247	31759485	0.001692541	-0.001494221	0.707298206	0.706911699	0.012708891	0.45940831	0.011884592	0
248	31776152	0.001684045	-0.001481073	0.707298871	0.706911082	0.010945049	0.453773415	-0.000661997	0
249	31792819	0.001678657	-0.001476178	0.707302425	0.706907548	-0.000318233	0.45280309	0.023998665	0
250	31809486	0.001669924	-0.001466664	0.707307894	0.706902117	-0.009229032	0.439813945	0.012093501	0
251	31826153	0.001663709	-0.00145312	0.70730658	0.706903475	-0.013220466	0.438420044	0.006219702	0
252	31842820	0.001663556	-0.001451043	0.707298383	0.706911681	0.007887445	0.413001337	0.011952393	0
253	31859487	0.001646391	-0.001438958	0.707295365	0.706914765	-0.002468959	0.444692898	0.005416113	0
254	31876154	0.001645419	-0.001433702	0.707300245	0.706909896	-0.001007478	0.423232163	0.004242476	0
255	31892821	0.001641896	-0.001426605	0.707299645	0.706910518	0.004843687	0.429195317	0.008733357	0
256	31909488	0.001643235	-0.001420482	0.707303061	0.70690711	0.005304741	0.444705138	-0.008646032	0
257	31926155	0.00164487	-0.001417486	0.707310972	0.706899197	-0.004993385	0.429373801	0.011715722	0
258	31942822	0.001639853	-0.001408549	0.707302027	0.706908176	-0.006539429	0.451564906	0.014482733	0
259	31959489	0.00163475	-0.001408872	0.707305335	0.706904878	0.000736634	0.435065205	-0.006520395	0
260	31976156	0.001631491	-0.001402258	0.707302105	0.70690813	-0.005734479	0.433369227	0.022303987	0
261	31992823	0.0016303	-0.001398686	0.707305678	0.706904564	-0.008763273	0.414961675	0.000311338	0
262	32009490	0.00162531	-0.001389244	0.707301116	0.706909159	0.001459881	0.432484646	0.018405023	0
263	32026157	0.001618241	-0.001394799	0.707299215	0.706911067	-0.003971246	0.461759182	0.006951794	0
264	32042824	0.00161404	-0.001386061	0.707299201	0.706911107	0.009586598	0.419095451	0.008590711	0
265	32059491	0.001617855	-0.001381215	0.707304421	0.706905885	0.012965922	0.431664586	0.004110836	0
266	32076158	0.001616808	-0.001376195	0.707309604	0.706900712	-0.001737742	0.436324564	0.004140692	0
267	32092825	0.00160678	-0.001378012	0.707307431	0.706902906	0.013391529	0.433618609	0.013383089	0
268	32109492	0.001608997	-0.00138331	0.707314565	0.706895752	-0.008082435	0.432801013	0.018461727	0
269	32126159	0.001601564	-0.001397758	0.707313281	0.706897025	0.006511652	0.457922435	5.90E-05	0
270	32142826	0.001597754	-0.001396392	0.707314363	0.706895953	0.004393682	0.459118808	0.014881121	0
271	32159493	0.001585519	-0.001392553	0.707317786	0.706892564	0.0058015	0.422742239	-0.007341661	0
272	32176160	0.001573291	-0.001388521	0.707316434	0.706893952	-0.004620037	0.44220829	-0.006742482	0
273	32192827	0.001571117	-0.001380805	0.707316096	0.70689431	0.010696006	0.411067949	0.014922069	0
274	32209494	0.001565996	-0.001372204	0.707314857	0.706895578	0.002742775	0.453374301	0.009475597	0
275	32226161	0.001557916	-0.001370388	0.707312555	0.706897903	0.002505814	0.443930419	0.002410353	0
276	32242828	0.001550815	-0.001373042	0.707309877	0.706900592	0.006485707	0.432025442	0.001237744	0
277	32259495	0.001551574	-0.001376393	0.707308655	0.706901807	0.00803357	0.427854968	0.009929078	0
278	32276162	0.001554212	-0.001378729	0.707311133	0.706899318	0.010579246	0.443156052	-0.002750684	0
279	32292829	0.001553505	-0.001376514	0.707308732	0.706901725	0.001437306	0.458598595	0.0120468	0
280	32309496	0.001553297	-0.001377588	0.707305765	0.706904693	0.000800025	0.445596362	0.013498303	0
281	32326163	0.001545179	-0.001372614	0.707304856	0.706905629	-0.000428692	0.420077233	9.52E-05	0
282	32342830	0.001545804	-0.001374827	0.707302923	0.706907557	-0.002747841	0.445622783	0.005421073	0
283	32359497	0.001546198	-0.001376787	0.707304748	0.706905728	0.006668668	0.436956067	0.014628414	0
284	32376164	0.001542594	-0.001374526	0.707310637	0.706899847	0.004741846	0.451674185	-0.001818874	0
285	32392831	0.00153204	-0.001368207	0.707307742	0.706902779	0.00817886	0.44125955	-0.001867633	0
286	32409498	0.001527988	-0.001369072	0.707312533	0.706897992	0.011316321	0.446863648	0.006197937	0
287	32426165	0.001520539	-0.001361334	0.707313514	0.706897042	0.001902442	0.435907845	0.005536271	0
288	32442832	0.001510884	-0.001357196	0.707310657	0.70689993	0.002686664	0.447220356	0.013788821	0
289	32459499	0.001505176	-0.001359003	0.707307748	0.706902849	0.011046907	0.426439829	-0.003784544	0
290	32476166	0.001502213	-0.001363661	0.707305435	0.70690516	0.001369978	0.425130965	0.004939744	0
291	32492833	0.001488034	-0.001359259	0.707305786	0.706904847	-0.004814428	0.451037917	0.006052083	0
292	32509500	0.001489459	-0.001363813	0.707300893	0.706909731	0.00879381	0.434771419	-0.002302916	0
293	32526167	0.001489869	-0.001355832	0.707304426	0.70690621	-0.000569757	0.44839143	0.005143894	0
294	32542834	0.001490267	-0.0013447	0.707304379	0.706906278	0.004312772	0.448853313	0.010367575	0
295	32559501	0.00148246	-0.001348989	0.707306583	0.706904081	0.008427933	0.432158662	0.005816091	0
296	32576168	0.001478505	-0.001338416	0.707306378	0.706904315	0.0007329	0.426913315	0.009524955	0
297	32592835	0.001465463	-0.001346392	0.707307267	0.706903437	0.006879563	0.419964873	-0.005498545	0
298	32609502	0.001464044	-0.001345598	0.707304209	0.706906502	0.006720333	0.432947643	0.005384109	0
299	32626169	0.001453358	-0.001343712	0.707300138	0.706910601	-0.00293355	0.434629566	-0.004328349	0
300	32642836	0.001461684	-0.001347433	0.707305001	0.70690571	-0.006118517	0.440243095	-0.006227835	0
301	32659503	0.001459884	-0.001340355	0.707304683	0.706906046	0.000150781	0.453893836	0.008237098	0
302	32676170	0.001444329	-0.00133374	0.707304426	0.706906348	0.0170439	0.44696768	0.004977657	0
303	32692837	0.00144559	-0.001323235	0.707301809	0.706908983	-0.004859469	0.432818339	0.003432706	0
304	32709504	0.001445869	-0.001316752	0.707294438	0.706916369	0.018974402	0.421250577	0.009036583	0
305	32726171	0.00143679	-0.001315663	0.707295998	0.706914829	0.007334956	0.426459152	0.00142134	0
306	32742838	0.001432124	-0.001321091	0.707294876	0.706915951	0.004691835	0.433956594	0.004419968	0
307	32759505	0.001434963	-0.001314681	0.70730002	0.706910811	-0.005631148	0.425329368	-0.005670572	0
308	32776172	0.001431572	-0.001312871	0.707305213	0.706905625	0.003029394	0.43604586	-0.006934617	0
309	32792839	0.001421223	-0.001303309	0.707300246	0.706910633	0.007958647	0.439850537	0.002399826	0
310	32809506	0.001422609	-0.001287538	0.70729862	0.706912286	0.004432807	0.432232532	0.003702226	0
311	32826173	0.001412487	-0.00128807	0.707295422	0.706915506	0.006100405	0.434395714	0.007874247	0
312	32842840	0.001419399	-0.001285708	0.707295523	0.706915395	0.005102458	0.439699895	-0.002962478	0
313	32859507	0.001415586	-0.001286553	0.707295184	0.70691574	0.01066058	0.432126512	-0.002412343	0
314	32876174	0.001404867	-0.001282863	0.707301588	0.706909361	0.002272206	0.436965561	0.000125298	0
315	32892841	0.001389049	-0.001280808	0.707309465	0.706901514	-0.008043883	0.432786793	0.021909714	0
316	32909508	0.001378282	-0.001286715	0.707302726	0.706908267	0.006215956	0.449011351	0.016442025	0
317	32926175	0.001375506	-0.001288502	0.707300683	0.706910314	0.00273905	0.437208682	0.004025265	0
318	32942842	0.00137862	-0.001276487	0.70729885	0.706912163	0.002652299	0.447407342	0.008139171	0
319	32959509	0.001384443	-0.001271828	0.707291436	0.706919578	0.007649304	0.448302042	0.004423293	0
320	32976176	0.001380963	-0.001275482	0.707290224	0.706920792	-0.001936659	0.443167894	0.004403947	0
321	32992843	0.001374705	-0.00126525	0.707293335	0.706917709	0.020776315	0.436359944	-0.004101843	0
322	33009510	0.001369597	-0.001264294	0.70729248	0.706918576	0.008839892	0.435287633	-0.002890995	0
323	33026177	0.00136559	-0.001264013	0.707293175	0.70691789	0.00227993	0.430644446	-0.007251118	0
324	33042844	0.001361379	-0.001260344	0.707294032	0.706917046	0.010477712	0.441309226	0.00067578	0
325	33059511	0.001359786	-0.00125767	0.707295495	0.70691559	-0.003903134	0.456002413	0.011721155	0
326	33076178	0.001355555	-0.001256775	0.707293426	0.70691767	0.013963658	0.434784164	-0.011181344	0
327	33092845	0.001355153	-0.001257182	0.707295339	0.706915757	-0.00355302	0.427028869	0.004643407	0
328	33109512	0.001355713	-0.001255479	0.707300614	0.70691048	0.006492321	0.460660563	0.002345562	0
329	33126179	0.001339572	-0.001254904	0.707304583	0.706906541	0.004716109	0.427268416	-0.004377833	0
330	33142846	0.001329191	-0.001257282	0.70730026	0.706910882	0.01049216	0.441942858	0.004036838	0
331	33159513	0.001322597	-0.001250924	0.707300743	0.706910422	0.002794139	0.427341968	-0.001472306	0
332	33176180	0.001327473	-0.001249027	0.70729812	0.706913041	0.009379512	0.462911692	0.002509888	0
333	33192847	0.001326438	-0.001250034	0.707301038	0.706910122	0.010605791	0.444534949	-0.00251852	0
334	33209514	0.001331084	-0.001254628	0.70730015	0.706910993	0.001769779	0.440801825	0.006024853	0
335	33226181	0.001326598	-0.001247396	0.7072911	0.706920069	0.007774945	0.433548617	0.00996799	0
336	33242848	0.001334994	-0.001238737	0.707285545	0.706925626	0.009288925	0.446582719	0.008334818	0
337	33259515	0.00132512	-0.001235786	0.70728696	0.706924235	0.009825855	0.454241226	0.003120119	0
338	33276182	0.001318138	-0.001235464	0.707280841	0.70693037	-0.003870952	0.428916393	0.008660048	0
339	33292849	0.001315625	-0.001228028	0.707276012	0.706935219	0.010804554	0.451876342	0.001916354	0
340	33309516	0.001311607	-0.001214308	0.7072787	0.706932561	0.008085768	0.439050413	0.005125286	0
341	33326183	0.001311585	-0.001226353	0.707282038	0.7069292	0.007647904	0.416629382	0.01108863	0
342	33342850	0.00130413	-0.001223475	0.707279361	0.706931898	0.01091328	0.443355611	0.002267511	0
343	33359517	0.00130126	-0.001221425	0.707275277	0.706935992	0.013298786	0.431701445	0.004499807	0
344	33376184	0.00129322	-0.001215317	0.707271035	0.706940261	0.014721576	0.456427376	0.0035787	0
345	33392851	0.001292539	-0.00120498	0.707268664	0.706942653	0.000533834	0.44591022	0.004241344	0
346	33409518	0.001292205	-0.001211126	0.707265409	0.7069459	0.003198468	0.438537729	0.018994486	0
347	33426185	0.001288921	-0.001212174	0.707267976	0.706943335	0.010334297	0.453894423	0.005807018	0
348	33442852	0.001280403	-0.001204748	0.707270565	0.706940774	0.008107163	0.446263779	0.008257811	0
349	33459519	0.0012747	-0.001199123	0.7072744	0.706936957	0.002688098	0.429869281	-0.004670092	0
350	33476186	0.001272859	-0.001197827	0.707279293	0.706932066	0.01314886	0.434832057	0.01392594	0
351	33492853	0.001273569	-0.001201309	0.707283337	0.706928014	-0.00391956	0.420100413	0.006590836	0
352	33509520	0.001277794	-0.001200446	0.707278597	0.706932749	0.010161595	0.45616266	0.001573638	0
353	33526187	0.001277021	-0.001189669	0.707277391	0.706933976	0.001740066	0.459781138	0.010625546	0
354	33542854	0.001276971	-0.001193224	0.707276243	0.706935119	0.000974877	0.424466927	0.013207031	0
355	33559521	0.001264209	-0.0011998	0.70727811	0.706933263	-0.011905811	0.453367547	0.004710622	0
356	33576188	0.001255204	-0.001195596	0.707275203	0.706936194	0.006765195	0.463392365	0.005854444	0
357	33592855	0.001262955	-0.001195421	0.7072794	0.706931981	0.014687602	0.434524458	0.002575549	0
358	33609522	0.001258445	-0.001175483	0.707283717	0.706927703	0.003964602	0.452804272	0.002823899	0
359	33626189	0.001350932	-0.001218243	0.707276283	0.706934899	0.002128739	0.445919825	0.009654966	0
360	33642856	0.00134738	-0.001218905	0.70727461	0.706936578	-0.002902412	0.434159337	0.011311791	0
361	33659523	0.001342924	-0.00122598	0.707274884	0.706936299	0.00352544	0.434144799	-0.009666805	0
362	33676190	0.001336761	-0.001235033	0.707278708	0.70693247	0.013697639	0.44479897	0.000796315	0
363	33692857	0.00132854	-0.001231802	0.707284371	0.706926825	0.005745513	0.437950419	0.019136568	0
364	33709524	0.001326789	-0.001234577	0.707281799	0.706929397	0.009704552	0.453511386	0.004909073	0
365	33726191	0.001314195	-0.001237772	0.707277496	0.70693372	0.012432271	0.439267844	0.010861242	0
366	33742858	0.001306807	-0.001240028	0.707277377	0.706933849	0.012066087	0.439887158	-0.004200596	0
367	33759525	0.001307553	-0.001247434	0.70728366	0.706927548	-0.001306639	0.456065955	0.001847406	0
368	33776192	0.001314664	-0.001247364	0.707281027	0.706930169	0.013536347	0.451953766	-0.007015789	0
369	33792859	0.001321973	-0.001252411	0.707280513	0.706930661	0.003702381	0.441589099	0.004543107	0
370	33809526	0.001325392	-0.001257791	0.707283982	0.706927174	0.00053708	0.412829815	0.012525002	0
371	33826193	0.001313724	-0.001254889	0.707282227	0.706928958	-0.008138786	0.442101084	0.00643076	0
372	33842860	0.001307304	-0.001253081	0.707285608	0.70692559	0.012091236	0.449687687	0.004069163	0
373	33859527	0.001312983	-0.001248937	0.707290782	0.70692041	0.005965784	0.442190513	-0.002558735	0
374	33876194	0.001319763	-0.001254655	0.70729315	0.706918018	0.001230789	0.436614848	0.006384474	0
375	33892861	0.001320189	-0.001254054	0.707294922	0.706916245	0.005999568	0.422919857	0.004829281	0
376	33909528	0.001325316	-0.001258879	0.707298662	0.706912485	-0.003703863	0.432607135	0.007671198	0
377	33926195	0.001313196	-0.0012522	0.707298241	0.70691294	0.009685994	0.435540324	0.009061518	0
378	33942862	0.001311541	-0.001246728	0.707297589	0.706913606	0.012618284	0.44218543	-0.000777681	0
379	33959529	0.001310635	-0.001254535	0.707294186	0.706916999	0.009119406	0.457173723	-0.007850445	0
380	33976196	0.001308901	-0.001257185	0.707300585	0.706910594	0.007730627	0.451892378	-0.00116912	0
381	33992863	0.00130291	-0.001249095	0.707306287	0.706904915	0.002005272	0.44740409	0.012489388	0
382	34009530	0.001300143	-0.001249045	0.707303283	0.706907926	-0.002348264	0.455588853	0.004353525	0
383	34026197	0.001286641	-0.001257563	0.707297304	0.706913918	-0.002745549	0.42071614	0.001792304	0
384	34042864	0.001280937	-0.001256293	0.707301351	0.706909881	-0.000815627	0.453046966	0.005050111	0
385	34059531	0.001274418	-0.001259956	0.707303722	0.706907514	-0.009385677	0.447993901	-0.001626077	0
386	34076198	0.001266657	-0.001253887	0.707305005	0.706906255	-0.011251747	0.431046637	0.00443679	0
387	34092865	0.001262614	-0.001258754	0.70730667	0.706904588	0.005074891	0.430882658	-0.010622218	0
388	34109532	0.001257344	-0.001256124	0.707307887	0.706903384	0.002302226	0.463859071	0.007088796	0
389	34126199	0.001249035	-0.001262974	0.707312959	0.706898311	0.000193614	0.416192462	-0.003653417	0
390	34142866	0.001247674	-0.001258471	0.707313559	0.706897721	0.001680213	0.440184951	0.00131858	0
391	34159533	0.001248926	-0.00126083	0.707318831	0.70689244	0.006580484	0.436921324	-0.006683896	0
392	34176200	0.001249644	-0.001260972	0.707318689	0.70689258	0.013169855	0.421429236	0.0112786	0
393	34192867	0.001243983	-0.001261947	0.707320466	0.706890811	0.018929249	0.4474531	-0.00171669	0
394	34209534	0.001240817	-0.001257693	0.707323388	0.7068879	0.004384647	0.418389854	0.00086017	0
395	34226201	0.001241446	-0.001260727	0.707319114	0.706892171	0.000483725	0.449068084	0.006454404	0
396	34242868	0.001227893	-0.001260351	0.70731738	0.70689393	-0.00776493	0.446960598	-0.008272535	0
397	34259535	0.001222114	-0.00125297	0.707323378	0.706887952	0.001319511	0.440239563	-0.01258898	0
398	34276202	0.001208049	-0.0012503	0.707320734	0.706890626	0.002180143	0.446011458	0.000325916	0
399	34292869	0.001210099	-0.001256237	0.707328145	0.706883196	0.008296134	0.443642384	0.014228147	0
400	34309536	0.001206649	-0.00125441	0.707328247	0.706883103	0.008222833	0.443215849	-0.008480493	0
401	34326203	0.001212295	-0.001247724	0.707327585	0.706883768	0.004753516	0.448375702	-0.010833407	0
402	34342870	0.001202874	-0.001244709	0.70732079	0.706890589	0.01097582	0.436036487	-0.016263356	0
403	34359537	0.001190339	-0.001245272	0.707327523	0.706883871	-0.009180506	0.456852961	-0.013994903	0
404	34376204	0.001195006	-0.001252912	0.707320825	0.706890552	-0.01670528	0.432787724	-0.001258913	0
405	34392871	0.001199022	-0.001248022	0.707326568	0.706884807	0.01368333	0.430093494	0.006311635	0
406	34409538	0.001197249	-0.001243495	0.707329355	0.70688203	0.013393492	0.434429316	-0.002774765	0
407	34426205	0.001197376	-0.001240987	0.707326785	0.706884606	-0.00107387	0.452286195	-0.002108241	0
408	34442872	0.00119164	-0.001238041	0.707326283	0.706885123	0.003574782	0.433383127	-0.001338529	0
409	34459539	0.001188434	-0.001234214	0.70732545	0.706885968	0.004339164	0.435090709	0.007333864	0
410	34476206	0.001181117	-0.001220476	0.707321687	0.706889769	0.002722163	0.421314061	0.0063178	0
411	34492873	0.001188833	-0.001226286	0.707322223	0.70688921	-0.004720641	0.454083214	-0.001597407	0
412	34509540	0.001184178	-0.001221163	0.707322057	0.706889394	-0.000504809	0.458269938	0.004534631	0
413	34526207	0.001177591	-0.001220418	0.707325426	0.706886034	0.006893945	0.422165135	-0.002408331	0
414	34542874	0.001177768	-0.001224064	0.707321125	0.706890331	0.019016756	0.435768504	0.002757523	0
415	34559541	0.00116465	-0.001228903	0.707325019	0.706886448	0.008916586	0.437670232	0.002418887	0
416	34576208	0.001171242	-0.001226178	0.707325705	0.706885756	0.010793161	0.43977036	0.005528908	0
417	34592875	0.001171552	-0.001223554	0.707324059	0.706887407	0.009384157	0.449744415	0.003352882	0
418	34609542	0.001174342	-0.001219427	0.707322315	0.706889155	0.002816925	0.455437103	0.015644114	0
419	34626209	0.001175131	-0.001211851	0.707326436	0.706885042	-0.00918892	0.452984466	0.000728668	0
420	34642876	0.001175996	-0.001204582	0.707321284	0.706890208	-0.001198141	0.452467147	-0.007348594	0
421	34659543	0.001167532	-0.0012069	0.707326819	0.70688468	0.0059493	0.420948548	0.010690045	0
422	34676210	0.001169269	-0.001200803	0.707323101	0.706888408	0.010669287	0.445930515	0.005802693	0
423	34692877	0.001158102	-0.001191809	0.707321961	0.706889583	-0.000405348	0.44575038	0.002994342	0
424	34709544	0.001157954	-0.001188589	0.707323054	0.706888494	0.013909521	0.407460961	0.018377504	0
425	34726211	0.001147535	-0.001184291	0.707319976	0.706891598	0.008916825	0.453142204	0.007012026	0
426	34742878	0.001145135	-0.001181444	0.70731219	0.706899398	-0.001279332	0.451929358	0.002465179	0
427	34759545	0.001140523	-0.001179262	0.707313633	0.706897965	-0.003475551	0.431745736	0.003644518	0
428	34776212	0.001145151	-0.001181708	0.707308799	0.706902791	-0.004131711	0.455523291	0.002221425	0
429	34792879	0.001146262	-0.001180659	0.707310309	0.70690128	0.010359881	0.431221614	0.007412233	0
430	34809546	0.001145192	-0.001184025	0.707304264	0.706907324	0.001450509	0.439707624	0.002625779	0
431	34826213	0.001140703	-0.00118003	0.707302597	0.706909006	0.002533383	0.444243697	0.012321542	0
432	34842880	0.00114021	-0.001177822	0.70729893	0.70691268	0.007648653	0.422267425	-0.008400926	0
433	34859547	0.001142076	-0.001176049	0.707298479	0.70691313	0.002320013	0.429686482	0.00563772	0
434	34876214	0.001138941	-0.001182616	0.707293153	0.706918454	0.012933202	0.468434284	0.0114759	0
435	34892881	0.001122861	-0.001194905	0.707298593	0.706913015	-0.013381274	0.411292228	0.000941511	0
436	34909548	0.001148249	-0.001174244	0.707291698	0.706919908	0.00567207	0.404288378	0.018329117	0
437	34926215	0.001135263	-0.001183358	0.707293132	0.706918479	0.019290683	0.488103048	0.010144706	0
438	34942882	0.001106796	-0.001200893	0.707301504	0.706910118	-0.008052747	0.43311187	0.000391046	0
439	34959549	0.001104812	-0.001184878	0.707302004	0.706909648	0.006754687	0.435643942	0.002580159	0
440	34976216	0.001104617	-0.001181872	0.70730604	0.706905615	-0.003158363	0.420784268	0.00749844	0
441	34992883	0.001109582	-0.001171974	0.707301455	0.706910212	-0.003952414	0.446393155	0.003412222	0
442	35009550	0.00110308	-0.00117676	0.707306432	0.706905234	0.004960356	0.439468142	-0.001670326	0
443	35026217	0.001106337	-0.001169402	0.707308392	0.706903279	-0.002928281	0.456630504	-0.003336505	0
444	35042884	0.001095876	-0.001178333	0.707317952	0.706893716	0.013797413	0.424178406	-0.00564653	0
445	35059551	0.001091536	-0.001182676	0.70731629	0.706895378	0.008698498	0.447341561	0.005870718	0
446	35076218	0.001086169	-0.001186906	0.707311112	0.70690056	-0.00133899	0.447551346	0.006428583	0
447	35092885	0.001085637	-0.001186988	0.707307934	0.706903741	-0.002058956	0.445844688	0.00919229	0
448	35109552	0.001090477	-0.001190983	0.707308326	0.706903335	0.001491945	0.43414773	0.002438484	0
449	35126219	0.001082608	-0.001187615	0.707310257	0.70690142	0.004332551	0.447474421	-0.000662656	0
450	35142886	0.00107298	-0.001188819	0.707313299	0.706898389	-0.00709976	0.450607415	-0.005792344	0
451	35159553	0.001069834	-0.001184179	0.707310681	0.706901021	0.012728847	0.434948132	0.010027782	0
452	35176220	0.001070114	-0.001186052	0.707306515	0.706905186	-0.005138856	0.43622073	-0.008037326	0
453	35192887	0.00105885	-0.001188352	0.707298826	0.706912892	0.004108619	0.421046014	0.01114082	0
454	35209554	0.001063709	-0.00118569	0.707296769	0.706914948	-0.005137134	0.43414754	0.002895734	0
455	35226221	0.001057371	-0.00119133	0.707298746	0.706912969	0.005425551	0.447124662	-0.005032852	0
456	35242888	0.001055167	-0.001199112	0.707291485	0.706920224	0.003705102	0.436228324	0.002498166	0
457	35259555	0.001053733	-0.001196023	0.707290801	0.706920916	-0.000138518	0.454770028	0.008948139	0
458	35276222	0.001038178	-0.00121342	0.707292237	0.706919473	-0.007654907	0.451155387	0.006217026	0
459	35292889	0.00103551	-0.001217138	0.707293423	0.706918284	-0.00114593	0.417389604	0.00865072	0
460	35309556	0.001042141	-0.001221291	0.707293018	0.706918672	0.015288438	0.418485453	0.003312433	0
461	35326223	0.001039328	-0.001213376	0.707290904	0.706920805	0.000363409	0.447445301	-0.012133664	0
462	35342890	0.001034383	-0.001215772	0.707295329	0.706916381	-0.000992323	0.442603689	0.007069626	0
463	35359557	0.001033841	-0.001208371	0.707290091	0.706921635	-0.001617987	0.416320123	0.003560752	0
464	35376224	0.001027838	-0.001219304	0.707291992	0.706919723	0.00454955	0.459588161	0.008471215	0
465	35392891	0.001021641	-0.001217816	0.707293285	0.706918441	-0.004807831	0.43868009	0.006203784	0
466	35409558	0.001033388	-0.001216739	0.707291949	0.706919762	0.003217016	0.436290014	0.0042326	0
467	35426225	0.001029883	-0.001220138	0.70729127	0.706920441	-0.012557349	0.43952901	0.016392154	0
468	35442892	0.001032407	-0.001226478	0.707287514	0.706924184	0.003504333	0.437287899	0.003744122	0
469	35459559	0.001031026	-0.001219321	0.707284554	0.70692716	0.003220643	0.460473785	-0.005584396	0
470	35476226	0.0010159	-0.001229642	0.707285265	0.706926453	0.001678613	0.444747889	-0.003614117	0
471	35492893	0.001011287	-0.001224163	0.707287161	0.706924572	0.002094455	0.435125213	0.005467397	0
472	35509560	0.001021212	-0.001219639	0.707287089	0.706924638	0.000901616	0.456542278	0.002470706	0
473	35526227	0.001021885	-0.001214608	0.70728625	0.706925485	-0.019165956	0.452508615	-0.011956774	0
474	35542894	0.001019589	-0.001220244	0.707283095	0.706928635	-0.000253608	0.449083492	-0.002266432	0
475	35559561	0.001021355	-0.001210299	0.707281104	0.706930641	-0.003531363	0.425109361	0.002179808	0
476	35576228	0.001023017	-0.001209484	0.707276401	0.706935346	0.005201522	0.409812442	0.001698942	0
477	35592895	0.001017156	-0.001216442	0.707267289	0.706944458	-0.011633654	0.434334328	-0.006425542	0
478	35609562	0.001005419	-0.001205223	0.707269586	0.706942196	0.002019619	0.445553993	-0.005801728	0
479	35626229	0.001067819	-0.001152292	0.707263746	0.706948036	0.003349699	0.444749037	0.006507345	0
480	35642896	0.001062288	-0.001163067	0.707260915	0.706950859	-0.007777148	0.439087865	0.000560513	0
481	35659563	0.001057992	-0.001164195	0.707254699	0.706957082	-0.007930243	0.438046674	0.006270763	0
482	35676230	0.001049093	-0.001169718	0.707249986	0.706961801	-0.001644527	0.413657121	-0.002096232	0
483	35692897	0.001042775	-0.001162407	0.707251001	0.706960808	0.002300782	0.461605338	-0.000757588	0
484	35709564	0.001035698	-0.001155396	0.707253311	0.706958518	0.011755445	0.454517755	-0.005008231	0
485	35726231	0.001027642	-0.001158497	0.707253237	0.706958599	0.006188598	0.446740735	-0.005134605	0
486	35742898	0.001029044	-0.001159895	0.707252054	0.706959778	0.007629043	0.445987793	-0.002198703	0
487	35759565	0.001026987	-0.001152152	0.707251226	0.706960622	-0.00704653	0.427644372	0.003803574	0
488	35776232	0.001030516	-0.001146591	0.707248248	0.706963605	-0.000467086	0.446778521	-0.009106022	0
489	35792899	0.001030326	-0.001147665	0.707254311	0.706957539	-0.005992091	0.464715888	0.001215378	0
490	35809566	0.001034507	-0.001149247	0.707250685	0.706961157	-0.012298188	0.438835911	-0.001870856	0
491	35826233	0.001031081	-0.001143637	0.707245948	0.70696591	-0.002278206	0.447368865	0.011175768	0
492	35842900	0.001034667	-0.001135954	0.707241048	0.70697082	-0.008148552	0.420166182	-0.004925871	0
493	35859567	0.001028937	-0.001141831	0.70723863	0.706973237	-0.00782315	0.417638786	0.001256426	0
494	35876234	0.001029406	-0.001142318	0.707236129	0.706975737	-0.004578649	0.441397912	-0.002051323	0
495	35892901	0.001034974	-0.001149446	0.707225509	0.706986342	0.002050766	0.434732324	0.001082957	0
496	35909568	0.001033448	-0.001157365	0.707224255	0.706987586	-0.006303182	0.436244118	-0.00023271	0
497	35926235	0.001031157	-0.001155882	0.707229245	0.706982599	-0.009522884	0.438273227	0.005708408	0
498	35942902	0.00103234	-0.001154037	0.707229857	0.706981988	-0.006734804	0.442315412	-0.002064831	0
499	35959569	0.001028917	-0.001156628	0.707232307	0.706979538	0.007619568	0.435329672	0.012772296	0
500	35976236	0.001020424	-0.001156639	0.707233458	0.706978399	0.002999116	0.459338599	0.016548748	0
501	35992903	0.001006773	-0.001168993	0.707232633	0.706979223	0.001205943	0.449885394	0.011545029	0
502	36009570	0.001003974	-0.001174876	0.707232035	0.706979816	-0.008881064	0.428009402	0.012207183	0
503	36026237	0.000999377	-0.001162945	0.707234778	0.706977098	-0.000451107	0.445333068	-0.001763229	0
504	36042904	0.000999065	-0.001169059	0.707229279	0.70698259	-0.008688327	0.44227992	0.009803901	0
505	36059571	0.000993544	-0.001164061	0.70722856	0.706983325	-0.002528245	0.434357474	-0.001170601	0
506	36076238	0.00099193	-0.001153009	0.707234269	0.706977634	-0.004546921	0.427563246	0.006568667	0
507	36092905	0.000982214	-0.001143703	0.707237007	0.706974924	-0.009476341	0.456361726	-0.001297453	0
508	36109572	0.000976279	-0.001152796	0.707233136	0.70697879	-0.001046624	0.434966686	0.001034353	0
509	36126239	0.000969387	-0.001156079	0.707230686	0.706981245	-0.008321708	0.456718152	0.008133789	0
510	36142906	0.000967106	-0.001158506	0.70722563	0.706986302	0.008771059	0.42930053	0.011077965	0
511	36159573	0.000967581	-0.001152487	0.707227218	0.706984722	-0.016562683	0.428380068	-0.000480513	0
512	36176240	0.000970756	-0.001143791	0.707224215	0.706987736	-0.004515015	0.438131022	0.015903665	0
513	36192907	0.000966747	-0.001139674	0.707212371	0.706999596	-0.000714704	0.448965066	0.010636471	0
514	36209574	0.000957766	-0.001137671	0.707218266	0.706993714	-0.004694441	0.448755932	0.007640502	0
515	36226241	0.000960768	-0.001140514	0.70721496	0.706997013	0.012054922	0.424617955	0.008138672	0
516	36242908	0.000958876	-0.001137801	0.707218142	0.706993837	-0.00523034	0.419870445	-0.009718005	0
517	36259575	0.000962303	-0.001132869	0.707218775	0.706993207	0.001808665	0.418799292	-0.004551048	0
518	36276242	0.000963385	-0.001130662	0.707219614	0.70699237	0.00658653	0.436022661	-0.006560837	0
519	36292909	0.000959839	-0.001142316	0.707224745	0.706987223	-0.006314314	0.42900084	0.002425701	0
520	36309576	0.00095259	-0.001146805	0.707231457	0.706980511	-0.005001046	0.427315989	-0.005630271	0
521	36326243	0.000950195	-0.00114155	0.707230914	0.706981066	-0.007168044	0.437279283	0.004651204	0
522	36342910	0.000949583	-0.001149904	0.707233059	0.706978908	-0.004309503	0.434129129	0.005540896	0
523	36359577	0.000951332	-0.001146834	0.707229253	0.706982718	-0.003165896	0.431168483	0.006871908	0
524	36376244	0.000938968	-0.001165355	0.707219901	0.706992059	0.009055627	0.433077821	-0.008668826	0
525	36392911	0.001006312	-0.001100756	0.707238785	0.70697318	-0.022108544	0.461903078	-0.016898669	0
526	36409578	0.000974589	-0.001145146	0.707233734	0.706978206	0.022253192	0.417335351	0.022384882	0
527	36426245	0.000945709	-0.001168781	0.707224094	0.70698785	0.007866183	0.422794661	-0.006445693	0
528	36442912	0.000956372	-0.001151804	0.707231887	0.706980068	-0.019485801	0.442962287	-0.011286757	0
529	36459579	0.000956774	-0.001156924	0.707230845	0.706981102	0.007653425	0.425946339	0.008135819	0
530	36476246	0.000980891	-0.001147792	0.70722708	0.70698485	-0.003573632	0.469119109	0.004277987	0
531	36492913	0.000975964	-0.001155776	0.707227336	0.706984587	-0.011318489	0.425657414	0.002622273	0
532	36509580	0.000976965	-0.001152231	0.707226135	0.706985793	0.00564097	0.412923445	0.006062785	0
533	36526247	0.000988127	-0.001132588	0.707227651	0.706984293	-0.000751874	0.463777067	-0.010065044	0
534	36542914	0.000969695	-0.001149003	0.707233497	0.706978444	-0.010215972	0.427573829	-0.005183096	0
535	36559581	0.000969082	-0.001156591	0.707234684	0.706977245	0.007543147	0.417221938	-0.002539614	0
536	36576248	0.000989515	-0.001146133	0.707226678	0.706985243	0.001127113	0.477526874	-0.000355581	0
537	36592915	0.000982778	-0.001163626	0.707225754	0.706986148	-0.007012941	0.433028694	0.00267846	0
538	36609582	0.00096884	-0.001166031	0.707221132	0.706990786	-0.0026704	0.422038489	0.007565382	0
539	36626249	0.000981149	-0.001160935	0.707218489	0.706993422	0.002930868	0.456543109	-0.005960042	0
540	36642916	0.00096982	-0.001167688	0.707216829	0.706995087	-0.003247619	0.426179369	0.004098129	0
541	36659583	0.000988109	-0.001161114	0.707216082	0.70699582	-0.004998429	0.448794468	0.001477725	0
542	36676250	0.000993221	-0.001164974	0.70721403	0.706997859	0.006514147	0.443153358	-0.007731529	0
543	36692917	0.000992723	-0.001169577	0.707216667	0.706995214	-0.001822188	0.426628711	0.010718621	0
544	36709584	0.001000295	-0.00115772	0.707212444	0.706999447	0.004523772	0.437442636	0.007252945	0
545	36726251	0.001008273	-0.001149018	0.707218954	0.706992938	0.00353074	0.460510276	3.40E-05	0
546	36742918	0.00100425	-0.001153851	0.707215221	0.70699667	0.006304967	0.408531845	0.012029789	0
547	36759585	0.0010158	-0.001138804	0.707209046	0.707002854	0.001855555	0.455316516	-0.002895725	0
548	36776252	0.001013431	-0.001144516	0.707209236	0.707002659	0.007360138	0.445452505	0.006805054	0
549	36792919	0.001009701	-0.001144339	0.70720696	0.707004941	-0.006452376	0.43713139	0.014644885	0
550	36809586	0.001009739	-0.001147521	0.707204949	0.707006947	0.00579197	0.442849488	0.004302051	0
551	36826253	0.001009733	-0.001154313	0.707201729	0.707010157	-0.006926636	0.456968368	0.009605379	0
552	36842920	0.001005863	-0.001151419	0.707204764	0.707007132	-0.009407199	0.440937064	-0.000587982	0
553	36859587	0.001006634	-0.001145704	0.707200912	0.707010993	-0.001770424	0.438232784	0.005022313	0
554	36876254	0.001000992	-0.001144078	0.707202206	0.70700971	-0.008950392	0.444873825	-0.003213041	0
555	36892921	0.000995061	-0.00114588	0.707202818	0.707009103	-0.007677992	0.436105136	0.006384755	0
556	36909588	0.001002322	-0.001141371	0.707209387	0.707002529	-0.005071734	0.424675984	0.001950377	0
557	36926255	0.001001263	-0.00113683	0.707208685	0.70700324	-0.003359793	0.425923995	-0.002647959	0
558	36942922	0.000995143	-0.001137691	0.707207232	0.7070047	-0.014667615	0.421440371	-0.006316516	0
559	36959589	0.000986261	-0.001130501	0.707204983	0.707006974	0.002696836	0.440703146	-0.000830064	0
560	36976256	0.000980972	-0.00113742	0.707210257	0.707001694	-0.006237811	0.441341921	-0.003463608	0
561	36992923	0.000975527	-0.001141213	0.707206748	0.707005206	-0.007949251	0.437410493	0.017394978	0
562	37009590	0.000969503	-0.001133386	0.707210569	0.707001405	0.008620099	0.42569132	-1.50E-05	0
563	37026257	0.000966269	-0.001123415	0.707199058	0.707012939	0.004963959	0.440225984	0.002236492	0
564	37042924	0.00095814	-0.001126036	0.707192702	0.707019304	-0.00959251	0.441662468	0.014188562	0
565	37059591	0.000966568	-0.001122213	0.707187052	0.70702495	-0.014589477	0.450501858	0.005069522	0
566	37076258	0.000962518	-0.001117379	0.707190132	0.707021882	-0.005891707	0.418117544	0.000877094	0
567	37092925	0.000963598	-0.00112391	0.707189667	0.707022336	-0.00324189	0.442685577	0.01662828	0
568	37109592	0.000966914	-0.001125446	0.707190198	0.707021797	-0.009382225	0.425916219	0.003040001	0
569	37126259	0.000962539	-0.001124077	0.707189518	0.707022486	-0.00577158	0.426901331	0.006051836	0
570	37142926	0.000965294	-0.001126591	0.707190214	0.707021782	-0.002240595	0.454135872	0.004662528	0
571	37159593	0.000959617	-0.001127636	0.707186628	0.707025375	-0.002076036	0.443405136	0.007005638	0
572	37176260	0.000960356	-0.001122631	0.707182488	0.707029523	-0.00597141	0.445540182	0.00962644	0
573	37192927	0.000964804	-0.001122755	0.707181504	0.7070305	0.006019867	0.42973388	0.007217706	0
574	37209594	0.000961493	-0.001120645	0.707178917	0.707033096	-0.006122623	0.430830692	0.006474272	0
575	37226261	0.000956716	-0.001111281	0.707186389	0.707025644	-0.004777954	0.434117257	-0.001070362	0
576	37242928	0.000958108	-0.001114921	0.707182939	0.707029086	-0.011287309	0.449035549	-0.000574581	0
577	37259595	0.000956837	-0.001116568	0.707182859	0.707029166	-0.003030352	0.442257568	-0.010224925	0
578	37276262	0.000955988	-0.001117108	0.707180868	0.707031158	0.008732734	0.427890158	-0.004540027	0
579	37292929	0.000956566	-0.001102374	0.707180165	0.707031884	-0.001445648	0.447030624	0.001305372	0
580	37309596	0.000956731	-0.001102216	0.70718172	0.707030328	0.003954853	0.44184732	0.00203005	0
581	37326263	0.000955179	-0.001094365	0.707180253	0.70703181	0.003080759	0.455602837	0.003335632	0
582	37342930	0.000945023	-0.001090624	0.707182075	0.707030006	-0.005224879	0.449516513	0.013770332	0
583	37359597	0.000941747	-0.001091549	0.707188785	0.707023299	-0.002518292	0.434132333	0.014617741	0
584	37376264	0.000938646	-0.001091031	0.707181515	0.707030575	-0.001663868	0.423093825	0.013135394	0
585	37392931	0.000936646	-0.001086001	0.707182098	0.707030002	0.000771884	0.440620184	0.006190157	0
586	37409598	0.00093061	-0.001077463	0.707180003	0.707032119	0.004232308	0.452419532	-0.002472802	0
587	37426265	0.000928294	-0.001070861	0.707182068	0.707030066	-0.003760669	0.420304993	0.000577222	0
588	37442932	0.000925976	-0.001071475	0.707184126	0.70702801	0.015312787	0.452678966	0.003240774	0
589	37459599	0.000929156	-0.001077524	0.707181874	0.707030248	-0.000627503	0.451294652	0.019397829	0
590	37476266	0.000921713	-0.001074647	0.707183383	0.707028754	0.003412657	0.446190824	0.008519831	0
591	37492933	0.000914717	-0.001075089	0.707183431	0.707028714	0.001134671	0.424131331	-0.010657232	0
592	37509600	0.000923041	-0.001071005	0.707185045	0.707027095	0.010242678	0.43187569	-0.002025042	0
593	37526267	0.000923205	-0.001073677	0.707179797	0.70703234	-0.003602319	0.437332336	0.004715953	0
594	37542934	0.000917791	-0.001066117	0.707176898	0.707035258	-0.000767549	0.430681007	8.28E-05	0
595	37559601	0.000921001	-0.001064259	0.707176645	0.707035509	-0.000825298	0.433381664	0.004027418	0
596	37576268	0.000927368	-0.001069359	0.707178529	0.707033609	-0.002285705	0.435281491	0.000751329	0
597	37592935	0.000916663	-0.001065838	0.707181684	0.707030473	-0.004595131	0.46027267	0.004559576	0
598	37609602	0.000916971	-0.001063304	0.707180723	0.707031438	-0.008611178	0.456475789	0.007304153	0
599	37626269	0.000936942	-0.001062571	0.707238445	0.706973673	-0.004196581	0.434153438	0.012672853	0
600	37642936	0.000925856	-0.001058574	0.707235347	0.706976793	-0.004697875	0.425458767	-0.002959798	0
601	37659603	0.000919275	-0.001047258	0.707232159	0.706980007	-3.82E-05	0.440600045	0.007585506	0
602	37676270	0.000920154	-0.001048389	0.707231812	0.706980352	-0.007246606	0.420236355	-0.010647083	0
603	37692937	0.000916103	-0.001040572	0.707224334	0.706987849	-0.014449002	0.43858522	-0.00131178	0
604	37709604	0.000920822	-0.001039453	0.70722405	0.706988129	0.002426322	0.429393341	-0.008891316	0
605	37726271	0.00092894	-0.001032812	0.707220293	0.706991887	0.003359331	0.450908685	0.002002151	0
606	37742938	0.000928913	-0.001041381	0.707226989	0.706985175	-0.007682161	0.462665658	-0.002118332	0
607	37759605	0.000919516	-0.001044651	0.707232288	0.706979883	-0.009865381	0.436538173	0.009633603	0
608	37776272	0.000925696	-0.001050827	0.707239669	0.706972481	-0.003190676	0.438607825	-0.003682343	0
609	37792939	0.000923138	-0.001046273	0.707236415	0.706975747	0.005371541	0.429756005	-0.000165927	0
610	37809606	0.00092707	-0.001041525	0.707233747	0.706978418	-0.008357754	0.439862158	0.00812316	0
611	37826273	0.000928146	-0.001040157	0.707240543	0.70697162	0.000600438	0.437341874	-0.001775037	0
612	37842940	0.000927636	-0.001030489	0.707243215	0.706968961	0.006220146	0.447222902	0.011110353	0
613	37859607	0.000922767	-0.001026415	0.707243345	0.706968844	-0.001112672	0.440611714	-0.001515711	0
614	37876274	0.000921083	-0.001021396	0.70724032	0.706971879	-0.001683074	0.441611601	0.002307306	0
615	37892941	0.000912339	-0.001012151	0.707236987	0.706975239	-0.006913057	0.46161537	0.007590678	0
616	37909608	0.000913556	-0.001005911	0.707238541	0.706973691	0.003430106	0.421569513	-0.002956193	0
617	37926275	0.000922784	-0.000996329	0.707239331	0.706972903	0.00389987	0.446093718	0.012024913	0
618	37942942	0.000923461	-0.000994413	0.707242307	0.706969926	0.004754312	0.45001218	-0.004760057	0
