sep=									
DeviceTag:	Xsens_2								
FirmwareVersion:	2.2.1								
AppVersion:	2023.0.0								
SyncStatus:	Un-synced								
OutputRate:	60Hz								
FilterProfile:	General								
Measurement Mode:	Sensor fusion Mode - Extended (Quaternion)								
StartTime:	2023-07-11 15:21:33.860 +0200								
© Movella Technologies B. V. 2005-2023									
PacketCounter	SampleTimeFine	Quat_W	Quat_X	Quat_Y	Quat_Z	FreeAcc_X	FreeAcc_Y	FreeAcc_Z	Status
1	226078147	0	3.68E-18	0.707106781	0.707106781	0.016624643	0.24503231	7.24E-05	0
2	226094814	3.92E-05	0.000294385	-0.7073764	-0.706836997	-0.012849068	0.224096314	-0.018562431	0
3	226111481	2.28E-05	0.000474799	-0.707494647	-0.706718542	0.000431978	0.25584247	0.002857521	0
4	226128148	2.82E-06	0.000618663	-0.707660369	-0.706552489	-0.016571773	0.254053602	-0.01034538	0
5	226144815	6.77E-05	-0.000755292	0.707801302	0.706411171	-0.014920686	0.238696351	-0.017784025	0
6	226161482	0.000139288	-0.000902016	0.707931977	0.706280032	-0.015098835	0.242342711	-0.019891043	0
7	226178149	0.000195796	-0.001046437	0.708055976	0.706155508	-0.01559492	0.252506436	-0.030060116	0
8	226194816	0.000255523	-0.001194635	0.708169038	0.706041869	-0.027261527	0.250116786	-0.018284262	0
9	226211483	0.000306936	-0.00132514	0.708295673	0.705914576	-0.016933375	0.232019013	-0.021806367	0
10	226228150	0.000359832	-0.001464874	0.7084269	0.705782581	-0.03991699	0.247497764	-0.020179453	0
11	226244817	0.000396799	-0.001578086	0.708556433	0.705652275	-0.026275792	0.239088053	-0.017227447	0
12	226261484	0.000472289	-0.001699548	0.708698779	0.705508986	-0.039923006	0.24562674	-0.027609155	0
13	226278151	0.00053499	-0.001819264	0.708843638	0.705363099	-0.047063738	0.247060197	-0.043551312	0
14	226294818	0.000578172	-0.001933246	0.708970919	0.705234829	-0.01983326	0.267685521	-0.033334235	0
15	226311485	0.000621144	-0.002053894	0.70911169	0.705092907	-0.029913947	0.263371106	-0.044916095	0
16	226328152	0.000665519	-0.002175077	0.709246684	0.704956713	-0.03641499	0.244394655	-0.032976114	0
17	226344819	0.000711356	-0.002300667	0.709383728	0.704818365	-0.039922201	0.233839713	-0.038639246	0
18	226361486	0.000763769	-0.002428043	0.709517517	0.704683202	-0.045038995	0.243401862	-0.041577871	0
19	226378153	0.000807476	-0.002560162	0.709650743	0.70454852	-0.052685288	0.227901848	-0.059216406	0
20	226394820	0.000855506	-0.002672942	0.70978941	0.704408345	-0.058709609	0.251252187	-0.053041328	0
21	226411487	0.000894082	-0.002798995	0.709923345	0.704272824	-0.054665791	0.243976745	-0.060063153	0
22	226428154	0.000927423	-0.002914117	0.71005902	0.704135524	-0.054156432	0.245634403	-0.059642246	0
23	226444821	0.000970659	-0.003038153	0.710194719	0.703998074	-0.046539444	0.226092321	-0.068309238	0
24	226461488	0.001005402	-0.003158731	0.710333613	0.70385735	-0.060109491	0.230840872	-0.075447438	0
25	226478155	0.00103498	-0.003279622	0.710477877	0.703711133	-0.064482512	0.247749897	-0.078477529	0
26	226494822	0.001072781	-0.003400424	0.710616327	0.703570695	-0.06230563	0.24702741	-0.077513476	0
27	226511489	0.001107749	-0.003524442	0.710749642	0.703435355	-0.067962254	0.256495187	-0.080037124	0
28	226528156	0.001148546	-0.003660902	0.710884184	0.703298625	-0.07198682	0.253719295	-0.069272715	0
29	226544823	0.001179916	-0.003794844	0.711022741	0.703157784	-0.071886586	0.238911213	-0.084262549	0
30	226561490	0.001216117	-0.003929227	0.711158797	0.703019379	-0.073162469	0.248171623	-0.089595684	0
31	226578157	0.001255283	-0.004048195	0.711292174	0.702883689	-0.076493503	0.270865604	-0.092361179	0
32	226594824	0.001285807	-0.004186665	0.711428648	0.702744689	-0.076180473	0.244730428	-0.087158372	0
33	226611491	0.001320555	-0.004322087	0.711562016	0.702608762	-0.076464838	0.240389104	-0.088454329	0
34	226628158	0.001356931	-0.004453386	0.711695315	0.70247285	-0.085454358	0.243084611	-0.090693814	0
35	226644825	0.001399815	-0.004577419	0.711832524	0.702332931	-0.084300104	0.2482835	-0.101968161	0
36	226661492	0.001426709	-0.00470012	0.71197018	0.70219252	-0.090564663	0.225855998	-0.106501865	0
37	226678159	0.001459143	-0.004834399	0.71210619	0.702053611	-0.090757012	0.255559673	-0.114362779	0
38	226694826	0.0014992	-0.004968311	0.712245314	0.701911448	-0.092308823	0.243235802	-0.114259436	0
39	226711493	0.001538931	-0.005098049	0.712378369	0.701775392	-0.091003936	0.233104263	-0.116036722	0
40	226728160	0.00158431	-0.005226085	0.712516187	0.701634421	-0.092561993	0.25952999	-0.113921222	0
41	226744827	0.001622784	-0.005354074	0.712650463	0.701496984	-0.110366475	0.263466024	-0.122438042	0
42	226761494	0.001660115	-0.00548334	0.712780992	0.701363268	-0.11451071	0.242438757	-0.121185914	0
43	226778161	0.001698845	-0.005619576	0.712912439	0.701228485	-0.109854836	0.250983657	-0.120024216	0
44	226794828	0.001749457	-0.00575375	0.713048172	0.701089251	-0.10984777	0.23947836	-0.118488281	0
45	226811495	0.001795967	-0.005889711	0.713183854	0.700949981	-0.117302634	0.235591008	-0.121577022	0
46	226828162	0.001831095	-0.006024706	0.713320733	0.700809448	-0.106517827	0.250631078	-0.138177135	0
47	226844829	0.001878553	-0.006163409	0.713455146	0.700671277	-0.105016901	0.250119653	-0.132814974	0
48	226861496	0.001912457	-0.006292467	0.713585842	0.700536932	-0.11070897	0.230212871	-0.138574046	0
49	226878163	0.001957598	-0.006421634	0.713718457	0.700400525	-0.122437669	0.241684522	-0.144401265	0
50	226894830	0.002004985	-0.006562516	0.713846699	0.70026838	-0.122861273	0.241567206	-0.157260119	0
51	226911497	0.002041239	-0.006707972	0.713980656	0.700130316	-0.124157433	0.233969529	-0.147238727	0
52	226928164	0.002083533	-0.006838603	0.714114339	0.699992573	-0.129691156	0.240745728	-0.15482409	0
53	226944831	0.002124585	-0.006985098	0.714252734	0.699849789	-0.12469704	0.236818158	-0.165257298	0
54	226961498	0.002169429	-0.007121825	0.714382347	0.699715968	-0.132359458	0.237807487	-0.148249276	0
55	226978165	0.002219291	-0.00726382	0.714511836	0.699582123	-0.143280129	0.251585462	-0.162006088	0
56	226994832	0.002272488	-0.007400267	0.714640904	0.699448676	-0.144372218	0.238969125	-0.15485659	0
57	227011499	0.002323594	-0.007537773	0.714765634	0.699319577	-0.156355757	0.251402902	-0.162790485	0
58	227028166	0.002363887	-0.007676439	0.714892787	0.699187948	-0.139542569	0.236762526	-0.176018833	0
59	227044833	0.002405971	-0.007807285	0.715018912	0.699057375	-0.151989423	0.254812248	-0.177998661	0
60	227061500	0.00244393	-0.007949045	0.715147311	0.698924291	-0.151017238	0.235411201	-0.181796727	0
61	227078167	0.002497477	-0.008105327	0.715275889	0.698790719	-0.161134637	0.239155296	-0.176004772	0
62	227094834	0.002554797	-0.008241945	0.71540304	0.69865874	-0.143378158	0.235820072	-0.181175217	0
63	227111501	0.002610928	-0.008375271	0.715527698	0.698529278	-0.155680798	0.223476445	-0.189211304	0
64	227128168	0.002668606	-0.008520777	0.715656508	0.69839533	-0.176390246	0.250683513	-0.177759365	0
65	227144835	0.002715345	-0.00865014	0.715785737	0.698261112	-0.163636778	0.242342909	-0.185648497	0
66	227161502	0.002779807	-0.008784304	0.715910432	0.698131336	-0.164908756	0.242311925	-0.192774319	0
67	227178169	0.002846844	-0.008924278	0.716032255	0.698004343	-0.168249864	0.235665701	-0.196852784	0
68	227194836	0.00291757	-0.009070073	0.71615482	0.697876418	-0.165933475	0.243312398	-0.19535112	0
69	227211503	0.00296919	-0.009217526	0.716274347	0.69775159	-0.173855242	0.230787392	-0.204380159	0
70	227228170	0.003032949	-0.009365035	0.71639217	0.69762838	-0.165019155	0.246739727	-0.208265815	0
71	227244837	0.003094817	-0.009504653	0.716514713	0.697500358	-0.173113015	0.250547288	-0.193308913	0
72	227261504	0.003173766	-0.009636096	0.716634094	0.697375543	-0.174348376	0.227459812	-0.207731118	0
73	227278171	0.003235961	-0.009781678	0.716747291	0.697256888	-0.171214499	0.245020828	-0.213011702	0
74	227294838	0.003304641	-0.009928947	0.716860276	0.697138322	-0.181127192	0.23956909	-0.220675169	0
75	227311505	0.003379645	-0.010069944	0.716980321	0.697012477	-0.200475336	0.236939409	-0.211596816	0
76	227328172	0.003442367	-0.010209724	0.717097816	0.696889255	-0.170307712	0.226042576	-0.218411932	0
77	227344839	0.003507286	-0.01036311	0.717223608	0.696757204	-0.19739552	0.234188267	-0.213395406	0
78	227361506	0.003580019	-0.010519908	0.717333872	0.696640963	-0.183309273	0.224846481	-0.230315617	0
79	227378173	0.0036497	-0.010659166	0.717449052	0.696519864	-0.180139744	0.235509708	-0.225956718	0
80	227394840	0.003718313	-0.010801505	0.71755971	0.696403306	-0.187787217	0.223067677	-0.228584384	0
81	227411507	0.003786428	-0.010939566	0.717672903	0.696284132	-0.191170194	0.239818727	-0.232470236	0
82	227428174	0.003864678	-0.011085697	0.717789902	0.696160778	-0.198527581	0.24098346	-0.236529562	0
83	227444841	0.003940709	-0.011225853	0.717899206	0.696045387	-0.199021063	0.240194074	-0.242849393	0
84	227461508	0.004025234	-0.011362748	0.718006481	0.695932022	-0.202611383	0.246184169	-0.234283394	0
85	227478175	0.004107911	-0.011520231	0.718113813	0.695818196	-0.185254072	0.235939288	-0.243872993	0
86	227494842	0.004186318	-0.011669809	0.718228421	0.695696935	-0.21085503	0.238978403	-0.253435669	0
87	227511509	0.004260892	-0.011816263	0.718334471	0.695584508	-0.213753751	0.23407271	-0.230439511	0
88	227528176	0.004327153	-0.011962189	0.718443264	0.695469236	-0.196566879	0.2415585	-0.24604908	0
89	227544843	0.004413891	-0.012108892	0.718546457	0.695359533	-0.197250723	0.233378176	-0.252590077	0
90	227561510	0.004496555	-0.012254153	0.718647278	0.695252261	-0.205852325	0.250003004	-0.253922525	0
91	227578177	0.004577476	-0.012406796	0.718744906	0.695148098	-0.200956823	0.258302211	-0.254447615	0
92	227594844	0.004674939	-0.012562388	0.718843212	0.695042997	-0.21725734	0.220116295	-0.246649936	0
93	227611511	0.004771242	-0.012718057	0.718943145	0.694936141	-0.209424369	0.227990107	-0.242929707	0
94	227628178	0.004864826	-0.012868151	0.719040902	0.694831581	-0.215843767	0.251103423	-0.260569388	0
95	227644845	0.004951116	-0.013022581	0.719130961	0.694734885	-0.21805404	0.235134963	-0.255321908	0
96	227661512	0.00504222	-0.013167894	0.719219334	0.694640001	-0.221589486	0.23640433	-0.260011014	0
97	227678179	0.005118685	-0.013318381	0.719312848	0.694539738	-0.213926094	0.259519277	-0.273094637	0
98	227694846	0.005198356	-0.013470496	0.719406663	0.694439037	-0.234919828	0.24273004	-0.269217414	0
99	227711513	0.005287949	-0.013624426	0.719493183	0.694345716	-0.231643772	0.235445457	-0.2668696	0
100	227728180	0.005379571	-0.013781793	0.719582904	0.694248922	-0.237432206	0.249794642	-0.252480176	0
101	227744847	0.005469497	-0.013939656	0.719671046	0.694153698	-0.242559813	0.251701533	-0.264067752	0
102	227761514	0.005565991	-0.01408735	0.719763982	0.694053583	-0.23613932	0.254558652	-0.264896565	0
103	227778181	0.005659183	-0.014254107	0.719847489	0.693962814	-0.229637902	0.248359718	-0.275388127	0
104	227794848	0.005748788	-0.014401874	0.719931359	0.693872016	-0.238582515	0.239055644	-0.269675851	0
105	227811515	0.005851653	-0.014566651	0.720013306	0.693782682	-0.242319675	0.255698065	-0.28573894	0
106	227828182	0.005951247	-0.014723485	0.720092881	0.69369593	-0.233499831	0.231506757	-0.284907368	0
107	227844849	0.006056022	-0.014877863	0.720171403	0.693610211	-0.234409334	0.225799472	-0.291255432	0
108	227861516	0.006154058	-0.015025819	0.720252557	0.693521886	-0.243796552	0.236350762	-0.28150976	0
109	227878183	0.006256035	-0.015176626	0.720332693	0.693434455	-0.242707627	0.242712597	-0.28820528	0
110	227894850	0.006360723	-0.015331475	0.72040471	0.693355278	-0.233202601	0.2246944	-0.304424862	0
111	227911517	0.006475764	-0.015477807	0.720477075	0.693275765	-0.249055801	0.241206668	-0.286518768	0
112	227928184	0.006582932	-0.015628545	0.720548798	0.693196829	-0.24163824	0.238720173	-0.30015951	0
113	227944851	0.006688227	-0.015775324	0.720617565	0.693121008	-0.253755517	0.254340565	-0.296037465	0
114	227961518	0.006801226	-0.015937355	0.72068948	0.693041426	-0.251985383	0.235195936	-0.280580584	0
115	227978185	0.006891106	-0.016092809	0.720763547	0.692959915	-0.242574606	0.233731742	-0.298452008	0
116	227994852	0.006993953	-0.016246172	0.720827904	0.69288836	-0.243612109	0.258101872	-0.29030394	0
117	228011519	0.007102893	-0.016409204	0.720890602	0.692818177	-0.252046381	0.228373035	-0.285879102	0
118	228028186	0.007217277	-0.016554187	0.720953926	0.69274765	-0.248399408	0.223034912	-0.302286788	0
119	228044853	0.007709206	-0.007429199	0.707506758	0.706625476	0.018614886	0.239230451	-0.010746512	0
120	228061520	0.007697987	-0.00741482	0.707501428	0.706631086	0.008993429	0.250128227	-0.003078684	0
121	228078187	0.007697355	-0.007402737	0.707499801	0.706632848	0.010674395	0.241329075	-0.006130252	0
122	228094854	0.007686004	-0.007393727	0.707497344	0.706635526	0.0294539	0.242934118	0.000393553	0
123	228111521	0.007669932	-0.007381974	0.707495623	0.706637546	0.00743818	0.24861352	-0.003416909	0
124	228128188	0.007655224	-0.00737295	0.707496316	0.706637107	-0.009235849	0.245089965	-0.003739444	0
125	228144855	0.007645955	-0.007345683	0.707500319	0.706633482	0.001359281	0.253560133	0.011561995	0
126	228161522	0.007630722	-0.007338074	0.707496824	0.706637226	-3.08E-05	0.251253883	-0.001932404	0
127	228178189	0.007625155	-0.007327416	0.707491698	0.706642529	0.000200822	0.232473001	-0.017597945	0
128	228194856	0.007607842	-0.007325129	0.707490821	0.706643617	0.009840044	0.23077091	0.009354382	0
129	228211523	0.00759128	-0.00731488	0.707487558	0.706647168	0.014069222	0.235936037	-0.000527191	0
130	228228190	0.007574493	-0.007306478	0.707487507	0.706647486	0.00415682	0.241272581	0.007821069	0
131	228244857	0.007575167	-0.007288394	0.707478742	0.706656441	0.005171636	0.252572635	0.002154945	0
132	228261524	0.007563306	-0.00727825	0.707478443	0.706656972	0.007470654	0.253456583	0.011746445	0
133	228278191	0.007568802	-0.007263942	0.707477607	0.706657897	0.01181537	0.230153183	0.015993937	0
134	228294858	0.007556677	-0.007259015	0.707473816	0.706661874	0.018784203	0.264506663	-0.00177552	0
135	228311525	0.00754994	-0.007247181	0.707469777	0.706666111	0.02023973	0.275801496	0.008942875	0
136	228328192	0.007537612	-0.007230558	0.707476582	0.7066596	0.002544803	0.250107203	-0.010576783	0
137	228344859	0.007527548	-0.00720981	0.70746766	0.706668851	0.018593176	0.255973962	0.00527685	0
138	228361526	0.007514695	-0.007193178	0.707464083	0.706672738	-0.009045881	0.248526357	0.008763455	0
139	228378193	0.007507819	-0.007179776	0.707461641	0.706675392	0.000249275	0.256751011	0.013465736	0
140	228394860	0.007504116	-0.00717273	0.707462395	0.706674748	0.010867739	0.250818295	0.005408812	0
141	228411527	0.007498251	-0.007159312	0.707458539	0.706678807	0.005123638	0.254706383	0.001997496	0
142	228428194	0.007482544	-0.007162075	0.707449871	0.706687623	0.005947939	0.254469008	0.008375192	0
143	228444861	0.007477697	-0.007156832	0.707450551	0.706687047	-0.003482874	0.244221735	0.007120243	0
144	228461528	0.007454898	-0.007154383	0.707452129	0.706685733	0.007061694	0.255515762	-0.00103784	0
145	228478195	0.007430018	-0.007139535	0.707455206	0.706683065	0.011106514	0.253844845	0.004885083	0
146	228494862	0.007417283	-0.007122171	0.707453706	0.706684875	0.022105973	0.242732422	0.004909091	0
147	228511529	0.007402841	-0.007109579	0.707448919	0.706689945	-3.85E-05	0.255808851	-0.000660819	0
148	228528196	0.007391371	-0.007095919	0.7074522	0.706686918	0.00347783	0.254564234	-0.007690758	0
149	228544863	0.007365994	-0.007094402	0.707447362	0.706692042	-0.000341912	0.261080479	0.001912468	0
150	228561530	0.007355045	-0.007074904	0.707443493	0.706696225	0.006776166	0.242009674	0.002518172	0
151	228578197	0.007341965	-0.007080646	0.707442826	0.70669697	0.010822426	0.259078913	0.006681261	0
152	228594864	0.007337756	-0.007081871	0.707437856	0.706701977	0.010060669	0.243482901	-0.0127439	0
153	228611531	0.007324798	-0.007064456	0.707440293	0.706699847	0.00357525	0.213942772	-0.01129165	0
154	228628198	0.007328145	-0.007043601	0.707435532	0.706704785	0.001983212	0.300584354	0.002841677	0
155	228644865	0.007294799	-0.007056269	0.707439462	0.70670107	0.000976899	0.235178849	0.014234029	0
156	228661532	0.007293993	-0.007034934	0.707437361	0.706703394	0.007227195	0.226829921	-0.010528646	0
157	228678199	0.007298117	-0.007013389	0.707432788	0.706708144	0.020830561	0.281527111	-0.02193884	0
158	228694866	0.00726692	-0.007020193	0.707437314	0.706703867	0.002608046	0.223158972	0.002656382	0
159	228711533	0.007260424	-0.007002721	0.707433142	0.706708284	0.010471191	0.225043478	0.010925086	0
160	228728200	0.007252954	-0.006988308	0.707434842	0.706706801	0.012669404	0.2622806	0.00434042	0
161	228744867	0.007235524	-0.006980284	0.707435123	0.706706777	0.018562576	0.235415929	0.011754568	0
162	228761534	0.007241435	-0.0069741	0.707431316	0.706710589	-0.000173683	0.24621572	0.005442182	0
163	228778201	0.007233825	-0.006966274	0.707428045	0.706714018	-0.005363709	0.250315048	0.010491285	0
164	228794868	0.007207168	-0.006973065	0.707429482	0.706712786	-0.000868421	0.214706731	-0.004816442	0
165	228811535	0.007195051	-0.006960128	0.707427456	0.706715064	-0.000149942	0.231868938	-0.003600592	0
166	228828202	0.007178076	-0.006942342	0.707421631	0.706721243	0.007569425	0.242315013	0.010136325	0
167	228844869	0.007161014	-0.006942811	0.707412018	0.706731034	0.014357056	0.254114199	0.009463557	0
168	228861536	0.007148368	-0.006920533	0.707415275	0.70672812	0.004925327	0.235826832	-0.002851994	0
169	228878203	0.007134522	-0.006911536	0.707413125	0.706730501	0.019300632	0.262688636	-0.00066306	0
170	228894870	0.00711659	-0.006901098	0.707410983	0.706732927	0.000734522	0.236087861	-0.004045145	0
171	228911537	0.007100162	-0.00689203	0.70740472	0.706739449	-0.001131695	0.258809723	0.010498811	0
172	228928204	0.007075002	-0.006883225	0.707401485	0.706743026	0.000955065	0.258704933	0.007687517	0
173	228944871	0.007062316	-0.006877004	0.707393296	0.70675141	-0.005183467	0.257835251	0.0124089	0
174	228961538	0.007042359	-0.006860038	0.707391794	0.706753277	0.000381625	0.271564174	0.002369992	0
175	228978205	0.007029608	-0.006848402	0.707395054	0.706750254	0.007214837	0.235879667	0.00652515	0
176	228994872	0.007012658	-0.006830077	0.707388487	0.706757172	-0.001177993	0.256335754	0.001058919	0
177	229011539	0.007005425	-0.006814823	0.707388681	0.706757197	-0.001844577	0.257728295	-0.002798255	0
178	229028206	0.006997256	-0.006809286	0.707391665	0.706754345	0.006724232	0.255073083	0.005358329	0
179	229044873	0.006991344	-0.006798645	0.707388661	0.706757512	0.01070999	0.248450499	0.014032692	0
180	229061540	0.006983231	-0.006796579	0.707386079	0.706760197	0.012887982	0.259973469	0.010774713	0
181	229078207	0.006972447	-0.006783732	0.707382639	0.70676387	0.005000325	0.247799956	-0.001807268	0
182	229094874	0.006970425	-0.006773986	0.707381107	0.706765517	0.006803792	0.245390901	0.00348301	0
183	229111541	0.006962616	-0.006770726	0.707383987	0.706762743	0.009915537	0.240510903	-0.002460464	0
184	229128208	0.006952884	-0.006757211	0.707382585	0.706764371	0.010749358	0.231755598	0.001138713	0
185	229144875	0.006952151	-0.006743078	0.707383526	0.706763572	0.00373105	0.254633933	-0.000308684	0
186	229161542	0.006942406	-0.006739088	0.707385316	0.706761913	0.007892615	0.242600421	0.010412243	0
187	229178209	0.006937793	-0.006730113	0.707384081	0.70676328	0.01611927	0.255918448	0.006475878	0
188	229194876	0.006928107	-0.00671991	0.70738263	0.706764925	0.013800076	0.230961445	0.003355184	0
189	229211543	0.006920941	-0.006717315	0.707380565	0.706767086	0.024828986	0.234927431	0.006342369	0
190	229228210	0.006902861	-0.006708824	0.707383437	0.70676447	-0.001563314	0.247804438	-0.000282946	0
191	229244877	0.006894422	-0.006698484	0.707388523	0.706759559	0.013508395	0.241448343	0.011132244	0
192	229261544	0.006885831	-0.006687042	0.707386645	0.706761631	-0.005326647	0.255982013	0.005578608	0
193	229278211	0.006871247	-0.006669314	0.707386423	0.706762163	0.014997432	0.253074355	0.005803697	0
194	229294878	0.006854165	-0.006656645	0.707387189	0.706761682	0.001687674	0.252520169	0.002147953	0
195	229311545	0.006851432	-0.006648672	0.707385408	0.706763566	0.001679213	0.226311029	-0.009421728	0
196	229328212	0.0068418	-0.006633029	0.707385712	0.706763501	-0.000112621	0.232020262	0.003856316	0
197	229344879	0.006826625	-0.006617171	0.707386938	0.70676257	0.015391232	0.241943204	0.009376906	0
198	229361546	0.006828858	-0.006603606	0.707385604	0.70676401	0.009544006	0.261204422	0.000846615	0
199	229378213	0.006813601	-0.006598054	0.707387054	0.706762758	0.004104409	0.24540944	0.006804727	0
200	229394880	0.006810478	-0.006582148	0.707387255	0.706762735	0.004475948	0.237684828	-0.008505193	0
201	229411547	0.006804348	-0.006575825	0.707383278	0.706766834	-0.005244122	0.237645496	0.013266306	0
202	229428214	0.006795854	-0.006577602	0.707382541	0.706767637	0.009631114	0.254327084	0.020863355	0
203	229444881	0.006780681	-0.006574683	0.707387846	0.7067625	0.005679879	0.22501163	-0.003751423	0
204	229461548	0.006773706	-0.006566643	0.707387926	0.706762561	0.013301377	0.243816177	0.005468483	0
205	229478215	0.006771255	-0.006557507	0.707386978	0.706763619	0.000971273	0.248076542	0.009283265	0
206	229494882	0.006757842	-0.006554856	0.707385442	0.706765309	-0.017473173	0.25892575	0.004887649	0
207	229511549	0.006734069	-0.006552259	0.707388198	0.706762802	0.009232939	0.232206463	-0.015074098	0
208	229528216	0.006721159	-0.006543678	0.707383539	0.706767667	-0.002417749	0.234050912	-0.000990754	0
209	229544883	0.006708447	-0.006538186	0.70738059	0.70677079	0.002476011	0.238842255	9.58E-05	0
210	229561550	0.006692534	-0.006527845	0.707377912	0.706773717	-0.007360329	0.237507869	-0.002202977	0
211	229578217	0.006682548	-0.006517881	0.707375412	0.706776405	0.00905934	0.276527057	0.015842481	0
212	229594884	0.006672913	-0.006502544	0.707372912	0.70677914	0.009466817	0.267704692	0.003657873	0
213	229611551	0.006667311	-0.006492626	0.707373822	0.706778373	0.013628111	0.280362959	0.00774683	0
214	229628218	0.006664272	-0.006490548	0.707373531	0.706778712	0.00120753	0.257708356	-0.000924857	0
215	229644885	0.006666661	-0.006472135	0.707371627	0.706780764	0.015406372	0.238932162	-0.00430666	0
216	229661552	0.006667665	-0.00646586	0.707364625	0.706787819	-0.002424214	0.259509345	0.001499596	0
217	229678219	0.006650165	-0.006463527	0.707359277	0.706793358	-0.001517739	0.220323427	-0.002996765	0
218	229694886	0.006644146	-0.006454171	0.707354118	0.706798663	-0.004869768	0.250938165	0.002639599	0
219	229711553	0.006626658	-0.006451227	0.707355912	0.706797059	0.003659937	0.233969295	0.002089339	0
220	229728220	0.006619423	-0.006447493	0.707349614	0.706803464	0.006523123	0.231357921	0.0243018	0
221	229744887	0.006606211	-0.006443348	0.707351912	0.706801326	0.015465866	0.247178125	0.003381521	0
222	229761554	0.006601562	-0.006443893	0.707348716	0.706804563	0.003882686	0.254052091	0.004406607	0
223	229778221	0.006594533	-0.00644813	0.707352141	0.706801161	0.007691191	0.240144784	-0.00178112	0
224	229794888	0.006583279	-0.006441944	0.707350957	0.706802508	0.002993493	0.248667545	0.002595532	0
225	229811555	0.006569213	-0.00643812	0.707344766	0.70680887	0.015272304	0.245284654	0.000659098	0
226	229828222	0.006558087	-0.006431154	0.707336772	0.706817037	0.004338362	0.234791488	0.000682694	0
227	229844889	0.006544866	-0.006418218	0.707338242	0.706815806	-0.000252754	0.256350296	0.014460518	0
228	229861556	0.006529319	-0.006405314	0.707330345	0.706823969	0.0074179	0.245460531	-0.002459737	0
229	229878223	0.006525696	-0.006395287	0.707332288	0.706822149	0.01129514	0.242651514	0.007943482	0
230	229894890	0.006523609	-0.006377428	0.70732742	0.706827201	0.007976506	0.250872237	0.004496753	0
231	229911557	0.00651289	-0.006381874	0.707321609	0.706833074	0.000534566	0.240540822	0.017268086	0
232	229928224	0.006500614	-0.006366099	0.707320374	0.706834566	-0.000398345	0.234297688	1.73E-05	0
233	229944891	0.006497969	-0.006356591	0.70732182	0.706833229	0.019324134	0.262910849	0.01162578	0
234	229961558	0.006481253	-0.006365372	0.707323321	0.706831801	-0.008854084	0.235234433	-0.005302457	0
235	229978225	0.006462429	-0.006364577	0.707317484	0.706837821	-0.004302764	0.252227994	0.017161133	0
236	229994892	0.006456221	-0.006351435	0.707317428	0.706838052	0.011621461	0.263236889	0.013452688	0
237	230011559	0.00644946	-0.006342611	0.707315772	0.706839851	0.020665711	0.241411246	0.00531955	0
238	230028226	0.006444168	-0.006345212	0.707318054	0.706837592	-0.003012883	0.251857441	0.00614527	0
239	230044893	0.006494931	-0.006305275	0.707388826	0.706766658	4.77E-05	0.277492418	-0.002356565	0
240	230061560	0.00647589	-0.006297116	0.707384771	0.706770963	-0.004829129	0.261316723	-0.005539809	0
241	230078227	0.006459009	-0.006288763	0.70738292	0.706773045	0.007096219	0.242577955	-0.001419569	0
242	230094894	0.00646155	-0.006280645	0.707384108	0.706771905	0.001901825	0.23676876	-0.01091321	0
243	230111561	0.006456827	-0.006272155	0.707387764	0.706768364	-0.00239055	0.25211087	0.010593602	0
244	230128228	0.00645071	-0.006269824	0.707384697	0.706771511	0.015281125	0.263830983	0.015453139	0
245	230144895	0.006445587	-0.006258247	0.707383345	0.706773013	0.008566314	0.262708936	0.013994818	0
246	230161562	0.006435085	-0.006252324	0.707385835	0.706770669	0.022973149	0.243427802	0.003649728	0
247	230178229	0.0064299	-0.006251602	0.707384516	0.706772043	0.012594931	0.236606911	0.010190008	0
248	230194896	0.006418184	-0.006248327	0.707382997	0.706773699	-0.002250912	0.241832861	-0.005655683	0
249	230211563	0.006397951	-0.006249303	0.707382191	0.70677468	0.000176695	0.257058702	0.020034588	0
250	230228230	0.006379015	-0.006250096	0.707374471	0.706782571	-0.002705125	0.236815881	0.005318039	0
251	230244897	0.006369397	-0.006247087	0.707372144	0.706785013	-0.004027953	0.247495133	0.013958605	0
252	230261564	0.006364627	-0.006238818	0.707373861	0.70678341	-0.003621734	0.254322462	0.015093865	0
253	230278231	0.006340106	-0.006234074	0.707375362	0.70678217	-0.002324703	0.222929637	0.002599798	0
254	230294898	0.006327313	-0.006227237	0.707378908	0.706778796	0.006752898	0.238509038	0.010945125	0
255	230311565	0.006321606	-0.006220921	0.70738301	0.706774798	0.012211689	0.250007868	0.003261035	0
256	230328232	0.006314546	-0.006210683	0.707377594	0.706780371	-0.005114125	0.247765929	-0.013511558	0
257	230344899	0.006314145	-0.006194637	0.707375064	0.706783048	0.014295375	0.246924272	-0.007797744	0
258	230361566	0.006308305	-0.006192863	0.707379875	0.7067783	0.008694373	0.241616992	0.010011462	0
259	230378233	0.006295256	-0.006192959	0.707383562	0.706774726	0.0190826	0.253132771	0.00725009	0
260	230394900	0.006292973	-0.006197035	0.707379702	0.706778573	0.001425588	0.259932575	0.009506881	0
261	230411567	0.006278739	-0.006192358	0.707383139	0.706775301	0.004451183	0.241910659	0.00257373	0
262	230428234	0.006276967	-0.006187863	0.707385993	0.7067725	-0.008302746	0.268176297	-0.008762694	0
263	230444901	0.0062804	-0.00618337	0.707390465	0.706768033	-0.01289082	0.259633532	-0.004813442	0
264	230461568	0.006272113	-0.00617623	0.707391447	0.706767187	0.007969417	0.240300547	-0.011479528	0
265	230478235	0.006276859	-0.006168197	0.707388191	0.706770473	0.019861573	0.243514277	0.00240534	0
266	230494902	0.006271886	-0.006174341	0.707388534	0.70677012	-0.000353472	0.234825095	0.005355643	0
267	230511569	0.006262328	-0.006159302	0.707386679	0.706772193	0.006188025	0.244323122	-0.005333941	0
268	230528236	0.006258978	-0.006152192	0.707387694	0.706771268	-0.013519181	0.262058011	-0.005966556	0
269	230544903	0.006259446	-0.006143331	0.707378535	0.706780509	0.016059654	0.25883814	0.010303951	0
270	230561570	0.00625336	-0.006144076	0.707376515	0.706782578	0.012178622	0.245743631	0.005334254	0
271	230578237	0.006240932	-0.006135139	0.70737816	0.706781118	0.000922071	0.224084317	-0.007077489	0
272	230594904	0.006232562	-0.00612783	0.707376274	0.706783144	0.014239322	0.237945237	-0.006322774	0
273	230611571	0.006225123	-0.006124183	0.707372776	0.706786742	0.006268672	0.253608476	-0.010383636	0
274	230628238	0.006223501	-0.006114915	0.707372615	0.706786997	0.003901999	0.249189145	0.000487559	0
275	230644905	0.006213896	-0.006107878	0.707367245	0.706792516	0.005131368	0.237294539	0.003758251	0
276	230661572	0.006211131	-0.006101065	0.70736783	0.706792014	0.006362826	0.239728529	0.002959204	0
277	230678239	0.006206501	-0.006101884	0.707370342	0.706789534	0.00421557	0.235086608	0.010128678	0
278	230694906	0.006204634	-0.006096317	0.707368622	0.706791321	0.007803375	0.235626213	0.002229738	0
279	230711573	0.006201754	-0.006074552	0.707361412	0.706798748	-0.002673138	0.240322932	0.009501406	0
280	230728240	0.006196013	-0.006062341	0.707368489	0.706791821	0.006586225	0.254674197	0.004275226	0
281	230744907	0.006197463	-0.006055482	0.70736772	0.706792636	0.008642542	0.245773975	0.008763206	0
282	230761574	0.006196578	-0.006045818	0.707374119	0.706786323	0.009761947	0.225017621	0.01120007	0
283	230778241	0.006185491	-0.00603791	0.707375113	0.706785493	0.003293237	0.229836416	0.011469794	0
284	230794908	0.006180545	-0.006032753	0.707374209	0.706786485	0.013383229	0.275805117	-0.012415604	0
285	230811575	0.006173308	-0.006019714	0.707374096	0.706786773	0.006516031	0.256230011	0.003673649	0
286	230828242	0.006171893	-0.006004803	0.707379487	0.706781516	-0.007573934	0.239070087	0.010504033	0
287	230844909	0.006167354	-0.005993079	0.707387925	0.70677321	0.006512749	0.220425453	-0.000856484	0
288	230861576	0.006168977	-0.005990728	0.707386865	0.706774276	0.015194167	0.220517279	0.007835911	0
289	230878243	0.006160975	-0.005991601	0.707384196	0.70677701	0.004564231	0.225792022	-0.005846991	0
290	230894910	0.006151284	-0.005993128	0.707383969	0.706777309	0.023084613	0.255339557	0.000893745	0
291	230911577	0.006153919	-0.005991781	0.707381014	0.706780255	0.003780991	0.259846479	0.006368408	0
292	230928244	0.006163947	-0.005984605	0.707375039	0.706786208	0.029892135	0.222249416	0.011718626	0
293	230944911	0.006157629	-0.005983279	0.707374423	0.706786891	0.016637149	0.226264697	-0.005210478	0
294	230961578	0.006160001	-0.005988319	0.707370727	0.706790527	0.004451549	0.250621245	0.006644298	0
295	230978245	0.006167783	-0.005978102	0.707371779	0.706789493	0.00104671	0.236913666	-0.000490528	0
296	230994912	0.006156936	-0.005973576	0.707371108	0.706790297	0.005395729	0.255264029	-0.002759114	0
297	231011579	0.006152419	-0.005965087	0.707368896	0.706792622	0.014991945	0.234293973	0.005041237	0
298	231028246	0.006146423	-0.005956622	0.707371235	0.706790405	0.010879937	0.262758315	0.005055973	0
299	231044913	0.006145298	-0.005943998	0.707364933	0.706796827	-0.002592933	0.250324143	0.003057642	0
300	231061580	0.006141854	-0.00594198	0.707366705	0.706795101	0.007490106	0.254866521	-0.004958811	0
301	231078247	0.006138851	-0.005933895	0.707368941	0.706792957	0.006087642	0.245671953	0.009871816	0
302	231094914	0.006139723	-0.005930723	0.707371118	0.706790798	0.006449753	0.244341073	-0.004641883	0
303	231111581	0.006130711	-0.005926521	0.707375108	0.706786918	0.017254729	0.264847555	0.008921859	0
304	231128248	0.006117079	-0.005918617	0.707377533	0.706784675	0.003297474	0.23100079	0.00322983	0
305	231144915	0.006110364	-0.005916471	0.707375539	0.706786747	0.004879536	0.232686438	0.003839353	0
306	231161582	0.006121388	-0.005903347	0.707379762	0.706782534	0.008879107	0.239260762	-0.001278165	0
307	231178249	0.006117291	-0.005893383	0.707380689	0.706781726	0.004437092	0.257957068	-0.009296982	0
308	231194916	0.006106685	-0.005883275	0.707375581	0.706787014	-0.005156288	0.256656444	0.008349099	0
309	231211583	0.006103909	-0.005877436	0.707373804	0.706788865	0.013292291	0.23844479	-0.000240944	0
310	231228250	0.006098661	-0.005872592	0.707378158	0.706784592	0.015267506	0.265430454	0.001421389	0
311	231244917	0.006098693	-0.005857118	0.707376258	0.706786623	0.003144762	0.234133461	-0.001720538	0
312	231261584	0.006089262	-0.00584911	0.707371391	0.706791641	-0.000569557	0.23692186	0.000410622	0
313	231278251	0.006072623	-0.005839256	0.707370153	0.706793105	-0.014121046	0.266275327	0.004322359	0
314	231294918	0.006068504	-0.00582891	0.707366056	0.706797326	0.005405186	0.258025851	0.004519057	0
315	231311585	0.006057786	-0.005831492	0.707363066	0.706800389	0.012186297	0.22009082	0.001805753	0
316	231328252	0.00604146	-0.005825506	0.70735615	0.7068075	-0.003821155	0.255531208	-0.005393712	0
317	231344919	0.006037231	-0.005824306	0.707357937	0.706805757	0.007250426	0.267686653	0.005584857	0
318	231361586	0.006031932	-0.005830808	0.707352592	0.706811098	-0.00111466	0.241818132	0.018863888	0
319	231378253	0.006020812	-0.005829034	0.707346908	0.706816896	0.003410215	0.239186438	0.000483864	0
320	231394920	0.006020587	-0.005821014	0.707347774	0.706816097	-0.000540368	0.247321586	0.010695541	0
321	231411587	0.006011162	-0.005807771	0.707352896	0.706811161	-0.005427267	0.244575281	-0.006410688	0
322	231428254	0.006017457	-0.005804494	0.707356738	0.706807289	-0.003582979	0.237729405	0.002876367	0
323	231444921	0.006007735	-0.005792998	0.707351533	0.706812675	0.006781634	0.249709376	0.007733579	0
324	231461588	0.00600177	-0.00579177	0.707352801	0.706811466	0.011362654	0.245810747	0.008277387	0
325	231478255	0.005992077	-0.005788714	0.707357753	0.706806618	0.012185696	0.245468027	0.000670332	0
326	231494922	0.005981524	-0.005787765	0.707353678	0.706810793	0.007566001	0.239879884	-0.004555169	0
327	231511589	0.005982136	-0.005787069	0.707351803	0.70681267	0.007399155	0.230864992	-0.002235183	0
328	231528256	0.005975474	-0.005766923	0.707348843	0.706815854	0.004098698	0.228451688	0.005736574	0
329	231544923	0.005960597	-0.005757101	0.707341911	0.706822997	-0.002096774	0.259195369	0.008644506	0
330	231561590	0.005946649	-0.005741595	0.70733893	0.706826223	0.015516309	0.27094691	-0.000804207	0
331	231578257	0.005945193	-0.005730277	0.707337534	0.706827724	0.003563365	0.254212862	0.00499908	0
332	231594924	0.005937569	-0.005720867	0.707336126	0.706829273	-0.001022718	0.256659085	-0.00122841	0
333	231611591	0.005934902	-0.005715901	0.707334594	0.706830869	-0.009350515	0.246472513	0.003811266	0
334	231628258	0.005924888	-0.005712854	0.707338182	0.706827387	0.010014031	0.259241494	-0.0024447	0
335	231644925	0.005918211	-0.00570883	0.707332251	0.706833411	0.013150382	0.251892136	-0.002124063	0
336	231661592	0.005914426	-0.005705786	0.707328768	0.706836952	-0.009026884	0.237831279	0.008650946	0
337	231678259	0.005920805	-0.005713487	0.707331623	0.70683398	-0.001472665	0.254525306	0.016832612	0
338	231694926	0.005921992	-0.005708794	0.707334037	0.706831592	0.005132689	0.261789849	0.00925324	0
339	231711593	0.005922234	-0.005698597	0.707334212	0.706831497	0.000352675	0.254769346	0.001864823	0
340	231728260	0.005915587	-0.005696943	0.707334653	0.706831125	0.006479795	0.270776424	0.009253108	0
341	231744927	0.005906573	-0.005697517	0.707335044	0.706830804	0.007029307	0.250172056	0.011459	0
342	231761594	0.005899071	-0.005693029	0.707334237	0.706831711	0.000805775	0.247145746	0.006270249	0
343	231778261	0.00589094	-0.005697524	0.707334749	0.706831231	0.005893035	0.257312683	-0.000546093	0
344	231794928	0.005880464	-0.00570797	0.707334259	0.706831723	0.007102372	0.223947228	-0.011083651	0
345	231811595	0.005874399	-0.005705616	0.70732955	0.706836505	0.001585497	0.235300127	-0.001661931	0
346	231828262	0.005880135	-0.005707917	0.707322372	0.706843621	0.00825796	0.237151948	-0.002123342	0
347	231844929	0.005881637	-0.005708282	0.707320011	0.706845969	0.002675898	0.248082381	0.013539646	0
348	231861596	0.005879777	-0.005698175	0.707316856	0.706849224	0.013782099	0.250033983	0.000956967	0
349	231878263	0.005880446	-0.005701574	0.707317254	0.706848792	0.006216945	0.248102633	0.006342035	0
350	231894930	0.005887423	-0.005700538	0.707308001	0.706858001	-0.002205067	0.256651023	0.003578977	0
351	231911597	0.005877044	-0.005694091	0.707304165	0.706861978	0.006295737	0.230575359	0.005371917	0
352	231928264	0.005875236	-0.005691545	0.707298226	0.706867956	0.008659513	0.246251423	0.003308518	0
353	231944931	0.005869399	-0.005686054	0.707299543	0.706866731	0.010659489	0.250059718	-0.004220581	0
354	231961598	0.005867247	-0.005673111	0.707295366	0.706871032	0.006223789	0.260706776	0.011109209	0
355	231978265	0.00586526	-0.005672342	0.707301381	0.706865037	-0.011043803	0.267639639	0.005350534	0
356	231994932	0.005867724	-0.005672228	0.707306844	0.70685955	0.013125673	0.248340322	0.0098514	0
357	232011599	0.005859149	-0.005660789	0.707306551	0.706860007	0.013812756	0.235502871	-0.000144162	0
358	232028266	0.005854219	-0.005656697	0.70730759	0.706859041	0.008252823	0.245021497	0.010255288	0
359	232044933	0.005832421	-0.005698738	0.707343375	0.706823073	0.010462784	0.239888628	0.016224771	0
360	232061600	0.00582319	-0.00568514	0.707340343	0.706826293	0.013460206	0.248374972	0.009460034	0
361	232078267	0.005811844	-0.005682181	0.70733694	0.706829816	0.003117664	0.244473669	-0.006359941	0
362	232094934	0.005812356	-0.005677898	0.707336398	0.706830388	-0.004990645	0.27006672	0.010719813	0
363	232111601	0.005804808	-0.005673995	0.707335043	0.706831838	0.012273223	0.259810438	0.008024012	0
364	232128268	0.005797595	-0.005670808	0.707341265	0.706825696	-0.003721148	0.259503128	-0.003887875	0
365	232144935	0.005802472	-0.005672015	0.707344231	0.706822678	-0.008260068	0.242725804	0.000704067	0
366	232161602	0.005792089	-0.005675553	0.707337184	0.706829787	0.002021748	0.268805882	-0.002908602	0
367	232178269	0.005772256	-0.005666452	0.707339538	0.706827667	0.004522404	0.238764766	0.004508538	0
368	232194936	0.005772621	-0.005657127	0.707338324	0.706828954	0.003574872	0.238582075	0.00691263	0
369	232211603	0.00576266	-0.005647692	0.707336018	0.706831418	0.00871346	0.239375213	0.004801966	0
370	232228270	0.005751691	-0.005649009	0.707332642	0.706834875	0.002501585	0.232173443	0.008860058	0
371	232244937	0.005742767	-0.005642944	0.707329366	0.706838274	0.009972746	0.256828307	0.02094687	0
372	232261604	0.005736277	-0.005632614	0.707329591	0.706838185	0.017322578	0.253750559	0.007229482	0
373	232278271	0.005730308	-0.005627705	0.707330363	0.706837499	0.0117824	0.230303129	0.012407912	0
374	232294938	0.005723646	-0.005610483	0.707332801	0.70683525	0.017242073	0.236629496	0.017069191	0
375	232311605	0.005715035	-0.005602592	0.707330449	0.706837736	0.005872018	0.250661044	-0.000413252	0
376	232328272	0.005717112	-0.005598734	0.707337575	0.706830619	0.010809568	0.24166734	-0.00256224	0
377	232344939	0.005722598	-0.00558904	0.70734626	0.70682196	0.00583754	0.246323102	0.008230682	0
378	232361606	0.005718847	-0.00558025	0.707346883	0.706821436	0.010417146	0.24554892	0.006342586	0
379	232378273	0.005708966	-0.005581457	0.707342326	0.706826067	0.005435116	0.235311782	0.007336137	0
380	232394940	0.005720115	-0.005579983	0.707339195	0.706829122	0.014033443	0.254523143	-0.004391769	0
381	232411607	0.005719963	-0.005591928	0.707340713	0.70682751	0.004428618	0.237229651	0.01018624	0
382	232428274	0.005709352	-0.005587028	0.707343616	0.706824729	0.001871158	0.23878748	-0.005428839	0
383	232444941	0.00570466	-0.005579808	0.707336148	0.706832297	0.001133966	0.241774922	0.012634428	0
384	232461608	0.005694716	-0.005575486	0.707331754	0.706836809	0.011002467	0.257537417	-0.002354201	0
385	232478275	0.005686659	-0.005567708	0.707328301	0.70684039	0.015339819	0.250337118	0.001929402	0
386	232494942	0.005688267	-0.005561311	0.707327599	0.70684113	0.015453673	0.240220972	0.002787515	0
387	232511609	0.005684826	-0.005554762	0.707328455	0.706840353	0.01623231	0.241940627	0.005201278	0
388	232528276	0.005680116	-0.005550094	0.707331943	0.706836937	-0.000555158	0.232370685	-0.00021787	0
389	232544943	0.005685202	-0.005532662	0.707331856	0.706837119	0.000294478	0.267720412	-3.98E-05	0
390	232561610	0.005674948	-0.005524878	0.707334539	0.706834578	0.005055652	0.245935736	0.005831912	0
391	232578277	0.005674618	-0.005516887	0.707327375	0.706841812	0.007272663	0.243301158	0.007509483	0
392	232594944	0.005668434	-0.005507009	0.707328877	0.706840435	0.016186629	0.241986016	0.007069018	0
393	232611611	0.005659332	-0.005505049	0.707326695	0.706842707	-0.008502437	0.24115604	0.012562814	0
394	232628278	0.00564439	-0.005505001	0.707322248	0.706847278	0.007690874	0.237311443	0.016713466	0
395	232644945	0.00564642	-0.005502717	0.707316869	0.706852661	-0.000843134	0.260905439	0.000883907	0
396	232661612	0.005633599	-0.005486382	0.707318141	0.706851618	0.01773534	0.224607146	0.013060297	0
397	232678279	0.005637042	-0.005487405	0.707316571	0.706853154	0.009545401	0.243406569	0.018008272	0
398	232694946	0.005636347	-0.005478336	0.707310728	0.706859076	0.015829282	0.250897917	0.00409941	0
399	232711613	0.005630713	-0.005473854	0.707310448	0.706859436	0.010853531	0.228118418	0.004665771	0
400	232728280	0.005641696	-0.005469557	0.707304481	0.706865352	0.007225608	0.239337833	0.00031908	0
401	232744947	0.005642974	-0.005465943	0.70730196	0.706867893	0.008647094	0.236432254	-0.00076222	0
402	232761614	0.005645911	-0.005463138	0.707299112	0.706870741	0.005930806	0.235160371	0.012808035	0
403	232778281	0.005642544	-0.00544545	0.70729672	0.706873297	0.004807782	0.248899186	0.010682834	0
404	232794948	0.005646015	-0.005442517	0.707293597	0.706876417	0.00669706	0.242767743	0.003062144	0
405	232811615	0.005640965	-0.005445229	0.707296626	0.706873406	0.003774774	0.251587661	0.004603574	0
406	232828282	0.00564337	-0.00543981	0.707289359	0.7068807	0.00042365	0.237530233	-0.003544699	0
407	232844949	0.005635726	-0.005436216	0.707289393	0.706880754	0.008294166	0.236225492	0.003247708	0
408	232861616	0.005639177	-0.00543135	0.707287526	0.706882633	0.002129827	0.240082741	-0.001888191	0
409	232878283	0.005630227	-0.005431035	0.707284581	0.706885652	0.01165159	0.260008413	0.017004979	0
410	232894950	0.005631051	-0.005429706	0.70728303	0.706887208	0.010447423	0.258666753	0.009381646	0
411	232911617	0.005623941	-0.00542309	0.707280167	0.706890181	0.004104622	0.250197342	0.011907289	0
412	232928284	0.005614041	-0.005408162	0.707284988	0.70688555	0.012401591	0.251917687	0.010369499	0
413	232944951	0.005610604	-0.005398093	0.707281273	0.706889371	0.009376639	0.229028967	0.005814939	0
414	232961618	0.005620858	-0.005386329	0.70728145	0.706889202	-0.002462669	0.247575019	-0.000293527	0
415	232978285	0.005622779	-0.00537851	0.707281296	0.706889401	0.003873062	0.273702419	0.011248142	0
416	232994952	0.00561317	-0.005371286	0.707286878	0.706883946	0.005039229	0.249542242	0.01297931	0
417	233011619	0.005610767	-0.005364934	0.707285427	0.706885466	0.018820943	0.246892469	0.008255192	0
418	233028286	0.005602516	-0.005352586	0.707282219	0.706888834	0.001406428	0.244963464	-0.007081508	0
419	233044953	0.005595197	-0.005345188	0.70728218	0.706888987	0.007696095	0.248394376	0.01428403	0
420	233061620	0.005596857	-0.005340131	0.70728127	0.706889923	0.003601668	0.254153207	0.001530108	0
421	233078287	0.005586425	-0.005340246	0.707279342	0.706891934	0.013344134	0.231539164	0.016131529	0
422	233094954	0.005601337	-0.005337991	0.707276147	0.706895029	0.028286016	0.259908706	0.01606476	0
423	233111621	0.005603487	-0.005336553	0.707278503	0.706892666	0.014502414	0.234692727	0.008043133	0
424	233128288	0.005594065	-0.005337495	0.70727463	0.706896609	0.002871345	0.2583084	0.020200892	0
425	233144955	0.005584184	-0.005329623	0.707280509	0.706890864	-0.001921132	0.254120487	0.000240525	0
426	233161622	0.005582151	-0.005320457	0.707281321	0.706890137	0.010511865	0.269573413	0.021305436	0
427	233178289	0.005579207	-0.005316647	0.707281929	0.70688958	0.003497511	0.244369324	-0.001358206	0
428	233194956	0.005582075	-0.005316631	0.707283454	0.706888032	0.006745763	0.257283197	0.003369135	0
429	233211623	0.005582961	-0.00531322	0.707283653	0.706887852	0.011496184	0.245335189	0.002385852	0
430	233228290	0.005578744	-0.00530873	0.707285043	0.706886528	-0.006946065	0.247404185	0.018412106	0
431	233244957	0.00556948	-0.005305042	0.707282634	0.706889039	0.009931767	0.234956275	0.009734162	0
432	233261624	0.00557424	-0.005301909	0.707281682	0.706889977	0.008819765	0.258701008	0.001940402	0
433	233278291	0.005569325	-0.005305362	0.707280611	0.706891062	0.005108521	0.25534532	0.008518733	0
434	233294958	0.005566397	-0.005301768	0.707275487	0.706896238	-0.00315683	0.250312254	0.012894568	0
435	233311625	0.00556576	-0.005301279	0.70726861	0.706903128	0.008535129	0.239984913	0.001376663	0
436	233328292	0.005568908	-0.005292924	0.707259695	0.706912085	0.008519139	0.24982133	0.017349993	0
437	233344959	0.005561881	-0.005291637	0.707264799	0.706907043	-0.001511722	0.239466706	0.004079038	0
438	233361626	0.005565326	-0.005289803	0.707258563	0.706913269	0.00146988	0.25170504	0.013341194	0
439	233378293	0.005558222	-0.00529867	0.707259393	0.706912428	0.005219929	0.245932717	0.008597574	0
440	233394960	0.005554927	-0.005285136	0.707261082	0.706910866	0.008533018	0.266390734	0.011354846	0
441	233411627	0.005550941	-0.005281467	0.707257637	0.706914371	0.011825214	0.26726439	0.009914105	0
442	233428294	0.005543042	-0.005281625	0.707258896	0.706913173	0.007120058	0.276048095	0.016744949	0
443	233444961	0.005540434	-0.005287246	0.707255812	0.706916236	0.0187756	0.249711111	0.016133901	0
444	233461628	0.005535066	-0.005281348	0.707254052	0.706918083	0.001167115	0.254989908	0.01552066	0
445	233478295	0.005532349	-0.005276152	0.707252904	0.706919292	0.004754315	0.254542488	0.014165412	0
446	233494962	0.005529629	-0.005279578	0.707255264	0.706916926	0.011413158	0.236422159	0.000614305	0
447	233511629	0.00552342	-0.005279515	0.707260414	0.706911823	0.004409853	0.272255007	-0.001213564	0
448	233528296	0.005512571	-0.005280051	0.707263411	0.706908906	-0.001283218	0.243424941	0.014923875	0
449	233544963	0.005511297	-0.005268118	0.707266445	0.706905968	0.009299884	0.250128266	0.01046299	0
450	233561630	0.005499135	-0.00526084	0.707265291	0.706907272	0.003284636	0.248966227	0.003807117	0
451	233578297	0.005491728	-0.00525237	0.707262031	0.706910654	0.00316373	0.253811295	0.006519632	0
452	233594964	0.00548726	-0.005243361	0.707261551	0.706911236	-0.002667818	0.257727798	0.009883828	0
453	233611631	0.005481985	-0.005232878	0.707264806	0.706908098	0.007687626	0.258467857	-0.005775252	0
454	233628298	0.005482574	-0.005223504	0.707275122	0.706897842	0.004925924	0.250469704	-0.000442193	0
455	233644965	0.005482355	-0.005219777	0.7072753	0.706897693	0.004357067	0.247187397	0.000257615	0
456	233661632	0.005468159	-0.005213311	0.707277531	0.706895618	0.014601664	0.238515004	0.007503922	0
457	233678299	0.005470638	-0.005212945	0.707279496	0.706893635	-0.005210331	0.237384099	-0.005471138	0
458	233694966	0.005468293	-0.005215878	0.707279926	0.706893202	0.010231965	0.256670341	0.010119532	0
459	233711633	0.005462612	-0.005208828	0.707283382	0.70688984	-0.006109984	0.231984732	0.011679538	0
460	233728300	0.005466301	-0.00520508	0.707282059	0.706891163	0.012943402	0.232759737	0.008582204	0
461	233744967	0.005460446	-0.005193989	0.707280513	0.706892836	0.002257933	0.252116663	-0.002032236	0
462	233761634	0.005450497	-0.005181071	0.707279621	0.7068939	0.005299651	0.252948533	0.000469041	0
463	233778301	0.005439069	-0.005174852	0.707281268	0.706892386	0.016350655	0.258396632	0.012943524	0
464	233794968	0.005428075	-0.005173378	0.707278762	0.706894989	-0.001208823	0.237241974	0.016660783	0
465	233811635	0.005425186	-0.005164164	0.70727787	0.706895971	-0.003250369	0.2467254	0.00012721	0
466	233828302	0.005424626	-0.00516041	0.707278897	0.706894975	0.018550521	0.220802638	0.004412181	0
467	233844969	0.005423678	-0.005155555	0.707279392	0.706894522	4.42E-05	0.252825823	0.00325437	0
468	233861636	0.005430455	-0.005156937	0.707280983	0.706892869	0.003072785	0.262011741	0.018611305	0
469	233878303	0.005423152	-0.005143797	0.707282051	0.706891952	0.014892963	0.233342849	0.004069864	0
470	233894970	0.005412834	-0.005143218	0.707281572	0.706892514	-0.007252569	0.249587214	0.002751262	0
471	233911637	0.005415478	-0.005138107	0.707286722	0.706887378	0.008008128	0.256539167	0.003796266	0
472	233928304	0.005407181	-0.005130809	0.707289267	0.706884948	0.002714361	0.238578738	0.002672112	0
473	233944971	0.005406328	-0.005121252	0.707288865	0.706885426	0.014864185	0.257932517	-0.007347609	0
474	233961638	0.005410823	-0.005120222	0.707289381	0.706884883	0.00215924	0.249099042	0.011182829	0
475	233978305	0.005414202	-0.005133824	0.707288288	0.706885852	0.014884283	0.232512516	0.016346283	0
476	233994972	0.005404312	-0.005139423	0.707285597	0.70688858	0.001213244	0.246552599	0.011098056	0
477	234011639	0.005399272	-0.005134223	0.707278717	0.70689554	0.015906529	0.265288321	0.0113831	0
478	234028306	0.00539208	-0.005130034	0.707283391	0.706890948	0.002819042	0.252106434	0.009975978	0
479	234044973	0.005367661	-0.005231311	0.707306586	0.706867183	0.000375869	0.242501667	0.002763426	0
480	234061640	0.00536042	-0.005237161	0.707309482	0.706864297	-0.008700921	0.270896437	-0.005684051	0
481	234078307	0.005352253	-0.005226183	0.707308161	0.706865762	0.010325474	0.215451575	0.011424777	0
482	234094974	0.00534266	-0.005219657	0.707310972	0.70686307	0.000915714	0.24753507	0.007983694	0
483	234111641	0.005338052	-0.005220953	0.707305151	0.70686892	0.002075302	0.229297019	-0.001917825	0
484	234128308	0.005343674	-0.005217439	0.707299829	0.706874229	0.011015644	0.245032092	0.018047467	0
485	234144975	0.005334037	-0.005220318	0.707301287	0.706872822	0.019075956	0.243456866	-6.22E-05	0
486	234161642	0.005337334	-0.005220226	0.707296164	0.706877923	0.006061946	0.23833891	0.004706785	0
487	234178309	0.005333077	-0.005218741	0.707295707	0.706878424	0.003132044	0.243836657	0.005480251	0
488	234194976	0.005318306	-0.005222781	0.70729284	0.706881374	0.001616226	0.233975008	0.001836387	0
489	234211643	0.005314016	-0.005219475	0.70729594	0.706878329	0.001125146	0.2307902	-0.001824239	0
490	234228310	0.005300488	-0.005222054	0.707302951	0.706871396	0.001272987	0.262222297	0.01974225	0
491	234244977	0.005303294	-0.005224762	0.70730439	0.706869915	0.008592623	0.246791199	0.009004167	0
492	234261644	0.005303444	-0.005208865	0.707308328	0.706866091	0.004918112	0.228335448	0.002723117	0
493	234278311	0.005308928	-0.005191583	0.707306224	0.706868282	0.004333593	0.290431453	-0.002918146	0
494	234294978	0.005281237	-0.005211385	0.707305321	0.706869247	-0.007249037	0.219701368	0.011454599	0
495	234311645	0.005298571	-0.005196818	0.707296953	0.706877598	0.007504347	0.221257638	0.003786629	0
496	234328312	0.005314753	-0.005179735	0.707293426	0.706881131	0.017848829	0.249671638	0.011712759	0
497	234344979	0.005303761	-0.005194394	0.707293224	0.706881308	-0.00576128	0.257550899	0.009518731	0
498	234361646	0.005296881	-0.005204101	0.707287874	0.706886642	-0.006654999	0.211489993	0.006777437	0
499	234378313	0.005299589	-0.005205598	0.707295159	0.706879321	0.013541873	0.237314529	0.014915743	0
500	234394980	0.00530128	-0.005201089	0.707296142	0.706878358	0.000418382	0.248685998	0.001946352	0
501	234411647	0.005284996	-0.005202974	0.707295585	0.706879023	0.016008712	0.23821313	0.018215481	0
502	234428314	0.005296275	-0.00519704	0.707294305	0.706880263	0.006882819	0.235408187	0.003380308	0
503	234444981	0.005291916	-0.005190796	0.707296817	0.706877828	0.002516886	0.238882696	0.005585519	0
504	234461648	0.005294926	-0.005181357	0.707301607	0.706873082	-0.001685103	0.258158861	0.006478621	0
505	234478315	0.005303653	-0.005181287	0.707307581	0.706867039	0.022331316	0.248092933	0.009424691	0
506	234494982	0.005285702	-0.005182235	0.707304063	0.706870687	0.004003232	0.243715758	0.001260595	0
507	234511649	0.005276913	-0.005179684	0.707310842	0.706863988	0.010709142	0.243923312	0.007600019	0
508	234528316	0.005279272	-0.005161605	0.707313109	0.706861835	0.008457085	0.235901488	0.000808539	0
509	234544983	0.005273744	-0.005163113	0.707309914	0.706865061	0.012734292	0.243046217	0.005850619	0
510	234561650	0.005277527	-0.005166183	0.707305645	0.706869283	0.007403605	0.22959427	0.008343357	0
511	234578317	0.005258144	-0.005164907	0.707301552	0.706873532	0.00696828	0.263004717	0.004034632	0
512	234594984	0.005263129	-0.005153897	0.707301304	0.706873824	0.005327964	0.241996721	0.007207658	0
513	234611651	0.005251294	-0.005151334	0.707302102	0.706873131	0.016021449	0.242000627	0.003222802	0
514	234628318	0.005246263	-0.005167892	0.707299925	0.706875226	-0.006786348	0.236750058	0.004287586	0
515	234644985	0.005242499	-0.005156608	0.707299235	0.706876027	0.009837589	0.243237156	0.003552102	0
516	234661652	0.005243798	-0.005144587	0.707300815	0.706874524	0.003375356	0.234897424	0.003092527	0
517	234678319	0.005246566	-0.005143514	0.707301874	0.706873452	0.013990931	0.245550223	0.022204651	0
518	234694986	0.005239627	-0.005144722	0.707300798	0.706874571	-0.001868778	0.237767877	0.002018483	0
519	234711653	0.005240613	-0.005133991	0.70730151	0.70687393	-0.003524546	0.263138424	0.016071434	0
520	234728320	0.00523087	-0.005134116	0.70730124	0.70687427	0.002391648	0.240933211	0.003954102	0
521	234744987	0.005225772	-0.005128315	0.707301407	0.706874183	0.004212943	0.242609521	0.009775732	0
522	234761654	0.005229778	-0.005126835	0.707300943	0.706874629	0.001587761	0.255276276	0.016102133	0
523	234778321	0.005228873	-0.005118436	0.707301334	0.706874305	0.0040618	0.247295108	0.003458952	0
524	234794988	0.005232882	-0.005106078	0.707305762	0.706869934	-0.000232296	0.2279759	-0.001007631	0
525	234811655	0.005237413	-0.005116358	0.707304262	0.706871327	0.000625011	0.24571902	0.007247326	0
526	234828322	0.00523405	-0.00511629	0.707305288	0.706870326	0.012026806	0.239941522	0.006151124	0
527	234844989	0.005240358	-0.005110203	0.707304583	0.706871028	0.007340968	0.241346698	0.003539866	0
528	234861656	0.0052373	-0.005110198	0.707300356	0.706875281	0.020014157	0.239439474	0.01311414	0
529	234878323	0.005225749	-0.005110225	0.707304989	0.70687073	-0.004716614	0.248253165	0.009855218	0
530	234894990	0.005230412	-0.005104304	0.707302794	0.706872935	0.016256306	0.227428604	-0.003339731	0
531	234911657	0.005237437	-0.005098043	0.70730117	0.706874554	0.000157789	0.256962636	0.008394301	0
532	234928324	0.005235035	-0.005094967	0.707302462	0.7068733	0.006698207	0.235368359	0.004164058	0
533	234944991	0.005233851	-0.005104287	0.707302387	0.706873317	0.010224686	0.247408225	0.012259911	0
534	234961658	0.005234737	-0.005105648	0.707303809	0.706871878	0.005076805	0.255653411	0.011135409	0
535	234978325	0.005229719	-0.005104622	0.707304128	0.706871604	-0.005311771	0.236842967	-0.003908732	0
536	234994992	0.005221071	-0.00509027	0.707301094	0.706874806	-0.008172787	0.262313402	0.017317137	0
537	235011659	0.005221695	-0.005085115	0.707301589	0.706874344	-0.009484615	0.240366152	0.01710143	0
538	235028326	0.005225174	-0.005081343	0.707300921	0.706875013	0.007048671	0.243524424	0.006594758	0
539	235044993	0.005229464	-0.005088436	0.707303214	0.706872637	0.012451474	0.216793177	0.001170975	0
540	235061660	0.005225061	-0.005093722	0.707300545	0.706875301	0.009124606	0.221163202	0.00095395	0
541	235078327	0.00521848	-0.00509349	0.707299267	0.70687663	0.01706299	0.258852773	0.00053479	0
542	235094994	0.0052169	-0.005086603	0.707305157	0.706870798	0.002990623	0.254661774	-0.004106453	0
543	235111661	0.005213859	-0.005093249	0.707306026	0.706869903	0.013624186	0.243873927	0.001974238	0
544	235128328	0.005213226	-0.005084401	0.707304313	0.706871686	0.001883631	0.2270985	0.014422795	0
545	235144995	0.005215372	-0.005079407	0.707305744	0.706870274	0.010304742	0.248165096	0.009543342	0
546	235161662	0.005216043	-0.005077995	0.707302719	0.706873305	-0.004577746	0.240007609	0.009211282	0
547	235178329	0.005217507	-0.005076839	0.707291432	0.706884597	0.003101723	0.257844994	0.015277379	0
548	235194996	0.005217691	-0.005081485	0.707295391	0.706880601	0.004949955	0.241748756	0.010118739	0
549	235211663	0.005213536	-0.005071046	0.707291924	0.706884176	0.003079584	0.245734685	0.011083579	0
550	235228330	0.005208801	-0.005060976	0.707292169	0.706884037	0.001100237	0.240540597	0.01020651	0
551	235244997	0.005207841	-0.005058445	0.707288251	0.706887983	0.011564509	0.237068645	0.0110723	0
552	235261664	0.00520076	-0.005060133	0.707284151	0.706892125	0.007124534	0.225701414	0.009738607	0
553	235278331	0.005201467	-0.005058046	0.707282891	0.706893396	0.011561614	0.240379375	0.01151596	0
554	235294998	0.005203599	-0.005045848	0.707283184	0.706893174	-0.000919316	0.257803309	-0.000354633	0
555	235311665	0.005195861	-0.00504448	0.707284956	0.706891468	8.23E-05	0.250887513	0.004159377	0
556	235328332	0.005191566	-0.005051721	0.707280477	0.706895929	0.001445144	0.261793992	0.017756961	0
557	235344999	0.005187942	-0.005045447	0.70727516	0.706901321	-0.00015564	0.25472793	0.007757274	0
558	235361666	0.005194905	-0.005030832	0.707278171	0.706898361	0.004434856	0.241060578	0.010760258	0
559	235378333	0.005192586	-0.005026951	0.707281	0.706895575	0.004129357	0.251027434	0.016145943	0
560	235395000	0.005191891	-0.005015384	0.707286181	0.706890478	0.014818624	0.258272371	0.002465352	0
561	235411667	0.00519065	-0.005013679	0.707287394	0.706889286	0.025302942	0.238842327	0.005176432	0
562	235428334	0.005179096	-0.005010816	0.707282139	0.706894648	0.010722809	0.240798606	0.010589826	0
563	235445001	0.005177887	-0.005021039	0.707281953	0.706894771	0.000743185	0.242979941	0.009320636	0
564	235461668	0.005175531	-0.005023018	0.707284327	0.706892399	0.005146113	0.236949352	0.005113224	0
565	235478335	0.005178945	-0.005009072	0.707282907	0.706893894	-0.002374526	0.257835394	-0.000229875	0
566	235495002	0.005171293	-0.005011505	0.707277357	0.706899486	0.00868325	0.253200353	0.006419082	0
567	235511669	0.005166437	-0.005012001	0.707274995	0.706901881	-0.00190298	0.232108787	-0.009313482	0
568	235528336	0.005163386	-0.005001763	0.707280761	0.706896207	0.015236253	0.256020925	0.015450322	0
569	235545003	0.00515298	-0.004995617	0.707285617	0.706891467	-0.002809437	0.227805291	0.000332459	0
570	235561670	0.005150653	-0.004996724	0.707285525	0.706891569	-0.00034941	0.239848178	0.011001409	0
571	235578337	0.005148224	-0.004990416	0.707279291	0.706897868	0.007252826	0.27114634	0.009507983	0
572	235595004	0.005147818	-0.004989036	0.707279321	0.70689785	0.001144485	0.247823962	0.004688446	0
573	235611671	0.005149446	-0.004980898	0.707278528	0.70689869	0.004410587	0.247409262	0.00886425	0
574	235628338	0.005146569	-0.004968488	0.707280028	0.706897297	0.00709887	0.248111635	0.014421029	0
575	235645005	0.005139251	-0.004959316	0.707281	0.706896442	0.006239292	0.243324215	-0.001005466	0
576	235661672	0.005123841	-0.00495601	0.707283725	0.706893851	0.00225827	0.244015052	0.005712429	0
577	235678339	0.00512469	-0.004944291	0.707283818	0.706893833	0.005973318	0.258618098	0.023958279	0
578	235695006	0.005122532	-0.004935461	0.707279977	0.706897754	0.010811869	0.233716038	0.010510367	0
579	235711673	0.00511984	-0.004933924	0.707282755	0.706895005	0.013380128	0.254780521	0.022513195	0
580	235728340	0.005122358	-0.004934724	0.707281261	0.706896476	0.011172002	0.226832471	0.015711727	0
581	235745007	0.005117765	-0.004929132	0.707275735	0.706902077	0.016479591	0.216634318	0.007585153	0
582	235761674	0.005114336	-0.004934435	0.707278064	0.706899735	0.015398997	0.245355312	0.003673366	0
583	235778341	0.005100878	-0.004941236	0.707278591	0.706899257	0.006790639	0.240964611	0.009038983	0
584	235795008	0.005103264	-0.004941126	0.707278842	0.70689899	0.007953568	0.253498163	0.007354482	0
585	235811675	0.005112506	-0.004937934	0.707278644	0.706899144	-0.000179202	0.252166949	0.013456505	0
586	235828342	0.005108868	-0.004945656	0.707276348	0.706901413	0.003032641	0.261384835	0.010034059	0
587	235845009	0.005107007	-0.00495254	0.707276582	0.706901144	0.009983063	0.238445143	0.007836297	0
588	235861676	0.005116827	-0.004954914	0.707281527	0.706896108	0.000900503	0.248753455	0.012135075	0
589	235878343	0.005106656	-0.00494929	0.707281145	0.706896604	0.024601136	0.250148084	0.005671897	0
590	235895010	0.00511034	-0.004959132	0.707278203	0.706899452	0.007093942	0.249658413	0.008967961	0
591	235911677	0.005114137	-0.004955555	0.707276071	0.706901583	-0.004253328	0.23389374	0.003624287	0
592	235928344	0.005109498	-0.004943199	0.70727961	0.706898162	0.000989484	0.261104218	0.002493742	0
593	235945011	0.005098966	-0.00494772	0.707280205	0.706897611	-0.000333071	0.237253836	0.008478603	0
594	235961678	0.005101031	-0.004950367	0.707280404	0.706897378	0.009876446	0.237300687	0.01594868	0
595	235978345	0.005097984	-0.004953565	0.70728095	0.706896831	0.005542428	0.225813994	0.004753871	0
596	235995012	0.005089837	-0.004962891	0.707281062	0.706896712	-0.005149969	0.256277573	0.008677747	0
597	236011679	0.005094265	-0.004966249	0.707281693	0.706896026	0.013590688	0.267569059	0.008060681	0
598	236028346	0.005096615	-0.00496482	0.707283386	0.706894325	-0.009630564	0.241547761	0.004618353	0
599	236045013	0.00508856	-0.004959133	0.707305658	0.706872138	0.003832254	0.227568552	0.009908776	0
600	236061680	0.005084278	-0.004950755	0.707301227	0.706876661	0.013881875	0.246035793	0.009640124	0
601	236078347	0.005078683	-0.004948922	0.707301296	0.706876646	0.010501698	0.236324086	-0.005826549	0
602	236095014	0.005084814	-0.004943597	0.707295209	0.706882729	-0.000496227	0.240286167	-0.005534345	0
603	236111681	0.005076355	-0.00494065	0.707293333	0.706884688	0.006061516	0.249654916	-0.002437927	0
604	236128348	0.005059023	-0.004928743	0.707292706	0.706885522	0.00931298	0.244880887	-0.006414854	0
605	236145015	0.005052256	-0.004927638	0.707296987	0.706881295	0.007485195	0.24614735	0.01294749	0
606	236161682	0.005051776	-0.004928727	0.707295604	0.706882674	0.005483023	0.259666505	0.006406383	0
607	236178349	0.005054122	-0.004933519	0.707297951	0.706880276	0.007207937	0.2350556	0.005937434	0
608	236195016	0.005048297	-0.004931699	0.707297702	0.706880579	0.007240162	0.254732277	-0.003314879	0
609	236211683	0.00504367	-0.00493021	0.707292687	0.706885641	0.009183666	0.245437026	0.005386936	0
610	236228350	0.005032276	-0.004931238	0.707293924	0.706884478	0.003258614	0.241995114	0.012439358	0
611	236245017	0.005038409	-0.004932964	0.707296092	0.706882252	0.009059891	0.242232175	0.013500113	0
612	236261684	0.005036624	-0.004931393	0.707302213	0.706876152	-0.004427761	0.25099764	0.010487048	0
613	236278351	0.005031921	-0.004931897	0.707302458	0.706875937	0.001305113	0.233411957	9.92E-05	0
614	236295018	0.005025856	-0.004928299	0.707304048	0.706874413	0.001250051	0.244702009	-0.008362899	0
615	236311685	0.005028474	-0.004914602	0.707307172	0.706871364	0.008788113	0.249986507	0.014974001	0
616	236328352	0.005039469	-0.004916609	0.707305065	0.70687338	0.000157961	0.252231559	0.004604209	0
617	236345019	0.005040718	-0.004922376	0.707304008	0.706874389	-0.005989653	0.265801079	0.009663615	0
618	236361686	0.005034706	-0.004916345	0.70730617	0.70687231	0.006285094	0.251874636	0.018902699	0
619	236378353	0.005032127	-0.004911901	0.707309244	0.706869284	0.008407947	0.250391199	-0.006379973	0
620	236395020	0.005031987	-0.004908876	0.707306597	0.706871955	0.009294674	0.247485416	0.009611081	0
621	236411687	0.005039818	-0.004908709	0.707307914	0.706870582	0.000944601	0.236284569	0.008487714	0
622	236428354	0.005033698	-0.00491519	0.707311244	0.706867248	0.006503299	0.201487514	-6.77E-05	0
623	236445021	0.005028726	-0.004908123	0.707309122	0.706869456	0.018225081	0.248705656	0.006348877	0
624	236461688	0.005025015	-0.004899947	0.707310738	0.706867922	0.013354927	0.244693785	0.007365243	0
625	236478355	0.005028345	-0.004895663	0.707304438	0.706874232	-8.11E-05	0.259921632	0.01980223	0
626	236495022	0.005024054	-0.004890686	0.707302728	0.706876008	0.005519887	0.253436569	0.016139606	0
627	236511689	0.005019443	-0.004879503	0.707307321	0.706871523	-0.004470477	0.26508065	0.003337516	0
628	236528356	0.005031288	-0.004866313	0.707309764	0.706869085	0.006154869	0.22683538	0.012004782	0
629	236545023	0.005028408	-0.004851494	0.707306038	0.706872935	0.018462861	0.264064021	0.025751633	0
630	236561690	0.005014057	-0.004853303	0.707309897	0.706869164	-0.000255542	0.260318631	0.003301153	0
631	236578357	0.005015026	-0.004854572	0.707305638	0.70687341	0.003926007	0.228978141	0.001718488	0
632	236595024	0.00501909	-0.004848926	0.707301607	0.706877453	0.007067909	0.240424825	0.021020854	0
633	236611691	0.005026165	-0.004845752	0.707302074	0.706876957	-0.00753656	0.261109553	0.001811899	0
634	236628358	0.005033125	-0.004836263	0.707293567	0.706885484	0.011123852	0.241412756	0.005426439	0
635	236645025	0.005029469	-0.004834651	0.70729734	0.706881747	0.013056598	0.238510665	0.007523445	0
636	236661692	0.005028948	-0.004841281	0.70729543	0.706883616	0.003598318	0.24870424	0.011721658	0
637	236678359	0.005035253	-0.004849723	0.707292563	0.706886382	0.008367982	0.251958467	0.005788695	0
638	236695026	0.00503356	-0.004855269	0.707290015	0.706888905	0.001268595	0.241923526	0.008187607	0
639	236711693	0.005027862	-0.004843823	0.707285852	0.70689319	0.019339458	0.245422879	0.00406903	0
640	236728360	0.005020704	-0.004854162	0.707283617	0.706895405	0.000702754	0.232782408	-0.005000794	0
641	236745027	0.005018459	-0.004835927	0.707279706	0.706899459	0.00135829	0.259272935	0.002985145	0
642	236761694	0.0050132	-0.004834471	0.70727308	0.706906136	0.022592592	0.257823083	0.002779782	0
643	236778361	0.005014912	-0.004841674	0.707273234	0.706905921	0.001776487	0.244535502	0.010588828	0
644	236795028	0.005018086	-0.004841429	0.707276244	0.706902889	-0.004345318	0.248230682	-0.005378572	0
645	236811695	0.005025317	-0.004841187	0.707275379	0.706903704	0.018335005	0.234212769	-0.017283302	0
646	236828362	0.005037803	-0.004833788	0.707279955	0.706899088	-0.009856179	0.257021043	0.003024849	0
647	236845029	0.005028754	-0.00483103	0.707278136	0.706900991	0.003664488	0.227035398	-0.017883156	0
648	236861696	0.005013907	-0.004834086	0.707275725	0.706903488	0.012202903	0.248724647	0.007062322	0
649	236878363	0.005007421	-0.004830367	0.707272424	0.706906862	0.005290115	0.24712431	0.004495588	0
650	236895030	0.005004441	-0.00482543	0.70726885	0.706910493	0.001918711	0.242609813	-0.00045451	0
651	236911697	0.005005163	-0.004815249	0.707264787	0.706914622	0.021105328	0.254687984	0.000573075	0
652	236928364	0.005003717	-0.004803075	0.707265339	0.706914163	0.011567173	0.24996404	0.009817334	0
653	236945031	0.005003793	-0.004803108	0.707266689	0.706912811	-0.002898414	0.250363262	0.009329709	0
654	236961698	0.005005335	-0.004800443	0.707266301	0.706913207	-0.011968327	0.244174238	0.006650589	0
655	236978365	0.005008576	-0.004793971	0.707267128	0.7069124	0.006617276	0.239909727	0.016780377	0
656	236995032	0.005012993	-0.004787596	0.707273117	0.706906421	0.0118747	0.232916637	0.004114361	0
657	237011699	0.005005084	-0.004782926	0.707270404	0.706909222	-0.005904527	0.260519818	0.006298034	0
658	237028366	0.005005983	-0.004774239	0.707272296	0.706907382	0.006012035	0.214518368	-0.004361542	0
659	237045033	0.005003827	-0.004784212	0.707278917	0.706900705	0.013925236	0.232488846	0.005473703	0
660	237061700	0.00500932	-0.004778112	0.707277447	0.706902178	0.015372885	0.264897854	0.017626389	0
661	237078367	0.00500995	-0.004773567	0.707281361	0.706898288	0.00522394	0.254094402	0.010987195	0
662	237095034	0.005013654	-0.00478049	0.707281656	0.70689792	0.020781381	0.241811475	0.003876721	0
663	237111701	0.005017011	-0.004770518	0.707286184	0.706893433	0.006824324	0.236545496	-0.010439124	0
664	237128368	0.00501356	-0.004761954	0.707293481	0.706886214	0.018800645	0.263325493	0.016058861	0
665	237145035	0.00501095	-0.004760313	0.707293629	0.706886096	-0.002076958	0.255275317	-0.000893567	0
666	237161702	0.005005967	-0.004760032	0.707297083	0.706882677	0.008948664	0.228947686	-0.001761911	0
667	237178369	0.004999492	-0.004758025	0.707301467	0.70687835	0.017627132	0.246400336	0.003934183	0
668	237195036	0.00500085	-0.004741862	0.70730343	0.706876484	0.012556481	0.2633654	-0.01170936	0
669	237211703	0.005002643	-0.004752415	0.707303153	0.706876678	0.005414428	0.254763759	0.011487689	0
670	237228370	0.004997562	-0.004752405	0.707305395	0.70687447	0.003737227	0.268750429	-0.004551867	0
671	237245037	0.004996522	-0.004753294	0.70730779	0.706872076	0.005928375	0.258919188	0.003893001	0
672	237261704	0.004983725	-0.004747149	0.707310483	0.706869512	0.009511756	0.244842581	0.005989464	0
673	237278371	0.004991618	-0.004744103	0.70732001	0.706859944	0.003655282	0.241538283	0.014539897	0
674	237295038	0.00498982	-0.004743225	0.707327293	0.706852675	0.020942483	0.242541131	0.006368715	0
675	237311705	0.004989182	-0.004742377	0.707323201	0.70685678	0.005471002	0.237506976	0.006363542	0
676	237328372	0.00498972	-0.004749662	0.707323348	0.70685658	0.017728643	0.262577694	0.003809131	0
677	237345039	0.004991197	-0.004746202	0.707322336	0.706857605	0.01463271	0.252805389	0.004604394	0
678	237361706	0.005000245	-0.004740537	0.707320741	0.706859175	0.005457939	0.249357879	-0.003443916	0
679	237378373	0.004988375	-0.004737192	0.707320652	0.706859371	0.019619622	0.269730486	0.00820337	0
680	237395040	0.004983156	-0.004733656	0.707309719	0.706870372	0.003636764	0.234747726	0.000736101	0
681	237411707	0.00498572	-0.004727248	0.707301409	0.706878711	0.003023595	0.261986471	0.003091326	0
682	237428374	0.004992511	-0.004723759	0.707296822	0.706883277	-0.005591487	0.249688413	0.003750944	0
683	237445041	0.004993982	-0.004718996	0.707297077	0.706883042	0.003684654	0.251065273	0.002889939	0
684	237461708	0.004992137	-0.00471225	0.707297537	0.706882641	0.000644136	0.25756354	0.00378954	0
685	237478375	0.004997628	-0.004699537	0.707293802	0.706886423	0.01949527	0.24626805	0.017126851	0
686	237495042	0.004993707	-0.004695958	0.707296674	0.706883602	0.000279679	0.236242285	0.010997018	0
687	237511709	0.00499172	-0.004690445	0.707291472	0.706888857	-0.002184488	0.227853117	-0.000520493	0
688	237528376	0.004989488	-0.004687076	0.707287352	0.706893018	0.014420109	0.2447816	0.025630109	0
689	237545043	0.004999818	-0.004692841	0.707292634	0.706887621	0.015561805	0.25820965	-0.001885776	0
690	237561710	0.004989774	-0.004706608	0.707289188	0.706891049	0.016835141	0.249561299	0.008204308	0
691	237578377	0.004979689	-0.004698293	0.707288431	0.706891932	0.003829013	0.250997588	0.000548369	0
692	237595044	0.004981705	-0.004699062	0.707287846	0.706892498	0.011803919	0.240505123	0.009097423	0
693	237611711	0.004975502	-0.004708633	0.707284745	0.706895581	0.005184047	0.260448245	0.003529941	0
694	237628378	0.00497047	-0.004705052	0.707279528	0.706900861	0.005723578	0.239388719	0.007796698	0
695	237645045	0.004965738	-0.004707753	0.707282035	0.706898367	0.001833692	0.272323186	-0.000324448	0
696	237661712	0.004965092	-0.004702779	0.707280764	0.706899677	0.006138515	0.250632684	0.011004207	0
697	237678379	0.00496675	-0.004692463	0.707279776	0.706900722	0.003233389	0.235349173	0.005885286	0
698	237695046	0.004983109	-0.004690792	0.707283866	0.706896525	0.001785284	0.265748257	0.020870501	0
699	237711713	0.004977276	-0.00469884	0.707280839	0.706899542	0.012938234	0.246898839	-0.00138414	0
700	237728380	0.00497501	-0.004701241	0.707279921	0.70690046	-0.003133391	0.25954951	-0.000722911	0
701	237745047	0.004969442	-0.004694549	0.707277195	0.706903271	0.003497548	0.249799425	-0.000425057	0
702	237761714	0.004971619	-0.00469373	0.707274663	0.706905795	0.016971031	0.235366333	0.017178791	0
703	237778381	0.00496892	-0.004696211	0.707281218	0.706899239	0.007791449	0.24342249	-0.001960892	0
704	237795048	0.004979235	-0.004687097	0.707277487	0.70690296	0.008941895	0.239013508	0.003330654	0
705	237811715	0.004983778	-0.004677478	0.707275449	0.706905031	0.00888818	0.261563931	0.016702111	0
706	237828382	0.004982132	-0.004678971	0.707274981	0.706905501	0.00256657	0.248029472	0.00988515	0
707	237845049	0.004988092	-0.004672682	0.707280837	0.706899641	0.011179768	0.24463343	0.00235475	0
708	237861716	0.004984731	-0.00466628	0.707277446	0.7069031	-0.009119154	0.238987021	0.009290831	0
709	237878383	0.004980589	-0.004669084	0.707279461	0.706901095	0.001336733	0.264105489	-0.005003364	0
710	237895050	0.004987126	-0.004669097	0.70727966	0.706900849	0.001839068	0.240235746	0.020674479	0
711	237911717	0.004975017	-0.004659766	0.70727255	0.70690811	0.018211303	0.234835854	0.00884922	0
712	237928384	0.004975201	-0.004657984	0.70726698	0.706913693	0.001949337	0.268904997	-0.005853986	0
713	237945051	0.004981194	-0.00465544	0.7072738	0.706906844	0.010096612	0.25724187	0.000926782	0
714	237961718	0.004973016	-0.004643348	0.70727442	0.706906361	0.014283327	0.242032575	-0.00309566	0
715	237978385	0.004971611	-0.004632873	0.70727991	0.706900947	0.016464502	0.255443307	-0.000370986	0
716	237995052	0.004967535	-0.004640299	0.707278109	0.706902729	0.004006535	0.227837458	-0.003691572	0
717	238011719	0.004962887	-0.004635602	0.707279141	0.706901759	0.012585337	0.250369488	0.012284172	0
718	238028386	0.00496472	-0.004632208	0.707281104	0.706899805	0.013484674	0.245037427	-0.002684984	0
719	238045053	0.004892587	-0.004694318	0.70728797	0.706893029	0.00137038	0.262914969	-0.011378452	0
720	238061720	0.004896568	-0.004696986	0.707289342	0.70689161	0.010327582	0.263158871	-0.001612415	0
721	238078387	0.004896503	-0.004698834	0.70728687	0.706894071	-0.006683836	0.253996945	-0.00023754	0
722	238095054	0.004893291	-0.004703702	0.7072884	0.70689253	0.021116633	0.238530457	0.009700872	0
723	238111721	0.004891329	-0.004704816	0.707287168	0.706893769	0.003422413	0.241195338	-0.001649458	0
724	238128388	0.004899329	-0.00470156	0.707284295	0.706896611	0.007665471	0.274067021	0.011512901	0
725	238145055	0.004906031	-0.004708599	0.707281394	0.70689942	-0.000678672	0.251816497	0.015237453	0
726	238161722	0.004905483	-0.004705546	0.707282548	0.706898289	0.019041809	0.245455684	0.000320754	0
727	238178389	0.004907018	-0.004701794	0.707285317	0.706895533	0.003080287	0.256880799	0.00964379	0
728	238195056	0.004901529	-0.004701719	0.707293896	0.706886987	0.010830358	0.256137894	0.004097724	0
729	238211723	0.004887633	-0.004704812	0.707290567	0.706890395	0.013978027	0.243152268	0.016204942	0
730	238228390	0.004896007	-0.00470094	0.70729389	0.706887037	0.010013991	0.239282864	0.010986623	0
731	238245057	0.004889258	-0.004703629	0.707298444	0.706882509	0.016902338	0.235448944	0.014698332	0
732	238261724	0.004880538	-0.004690975	0.707297369	0.706883729	0.000847767	0.249763503	0.014097738	0
733	238278391	0.004880432	-0.004684339	0.707297133	0.70688401	0.007539806	0.255498055	0.011814535	0
734	238295058	0.00488687	-0.004679833	0.707299071	0.706882056	0.004890592	0.242424595	0.012581345	0
735	238311725	0.004884914	-0.004667722	0.707299537	0.706881684	-0.006685499	0.248835884	0.004436658	0
