sep=									
DeviceTag:	Xsens_1								
FirmwareVersion:	2.2.1								
AppVersion:	2023.0.0								
SyncStatus:	Un-synced								
OutputRate:	60Hz								
FilterProfile:	General								
Measurement Mode:	Sensor fusion Mode - Extended (Quaternion)								
StartTime:	2023-07-11 15:23:06.896 +0200								
© Movella Technologies B. V. 2005-2023									
PacketCounter	SampleTimeFine	Quat_W	Quat_X	Quat_Y	Quat_Z	FreeAcc_X	FreeAcc_Y	FreeAcc_Z	Status
1	41824572	0	5.74E-18	0.707106781	0.707106781	0.006862658	0.14258575	0.001221338	0
2	41841239	1.24E-05	8.86E-05	-0.706966318	-0.707247211	-0.001902342	0.144660384	-0.003302047	0
3	41857906	2.52E-05	0.00014242	-0.70684255	-0.707370899	-0.002581652	0.145443164	-0.014673663	0
4	41874573	2.26E-05	-0.000161426	0.706716931	0.707496398	-0.014862075	0.130430159	-0.003298833	0
5	41891240	4.35E-05	-0.000172716	0.706620519	0.707592687	-0.010808262	0.134540669	-0.011129362	0
6	41907907	6.74E-05	-0.000175747	0.706529233	0.707683833	-0.014184955	0.141539548	0.000993643	0
7	41924574	7.98E-05	-0.000200264	0.706438712	0.707774187	-0.018359999	0.136515975	-0.000157213	0
8	41941241	6.83E-05	-0.000218082	0.706353578	0.707859146	-0.021313626	0.152182405	0.006979711	0
9	41957908	5.35E-05	-0.00024783	0.706282966	0.707929592	-0.02288736	0.140426037	-0.002375008	0
10	41974575	3.56E-05	-0.000262953	0.706213994	0.707998393	-0.040664464	0.12928398	0.003664242	0
11	41991242	2.48E-05	-0.000269855	0.706153741	0.708058487	-0.029691578	0.156222048	0.009745521	0
12	42007909	1.52E-05	-0.000307913	0.706095096	0.708116954	-0.026925224	0.134212032	0.009177824	0
13	42024576	2.53E-05	0.000339403	-0.70602959	-0.708182252	-0.028513068	0.157760005	0.00922883	0
14	42041243	5.10E-05	0.000358883	-0.705958057	-0.708253549	-0.040081373	0.131807142	0.018671366	0
15	42057910	9.07E-05	0.000382958	-0.705882866	-0.708328472	-0.037365382	0.144804234	0.013362474	0
16	42074577	0.000123445	0.000390028	-0.705817777	-0.708393322	-0.048986263	0.15255668	0.003354893	0
17	42091244	0.000160447	0.000418569	-0.705749454	-0.708461366	-0.042177279	0.137921146	0.003845139	0
18	42107911	0.000185102	0.000432498	-0.705679219	-0.708531311	-0.037602877	0.168083961	0.011863364	0
19	42124578	0.000216939	0.000466626	-0.705612392	-0.708597831	-0.037384036	0.164924831	-0.007258171	0
20	42141245	0.000255684	0.000499646	-0.70554164	-0.708668243	-0.061328003	0.118651561	0.011680959	0
21	42157912	0.000282264	0.000517684	-0.705473631	-0.708735923	-0.041949831	0.141251783	0.020548148	0
22	42174579	0.00031211	0.000547707	-0.705406224	-0.708802978	-0.051699063	0.140407474	0.022748734	0
23	42191246	0.000345894	0.000566178	-0.705332835	-0.708875978	-0.046698577	0.149702713	0.011141998	0
24	42207913	0.000379655	0.000588909	-0.705255073	-0.708953307	-0.043694522	0.160384134	0.012455318	0
25	42224580	0.000414605	0.000609787	-0.705183096	-0.709024864	-0.057012232	0.138672746	0.003037938	0
26	42241247	0.000441261	0.000632867	-0.705105787	-0.709101709	-0.068195844	0.144704321	0.016198904	0
27	42257914	0.000471352	0.00065013	-0.705034704	-0.709172349	-0.068271213	0.145767089	0.013969723	0
28	42274581	0.00050751	0.000674802	-0.704962455	-0.709244121	-0.069783967	0.139820113	0.006977197	0
29	42291248	0.000541276	0.000690593	-0.704889015	-0.709317071	-0.052353531	0.152244875	0.002970769	0
30	42307915	0.000578902	0.000712281	-0.704814324	-0.709391236	-0.043889612	0.131369326	0.014225312	0
31	42324582	0.00062243	0.000755337	-0.704733701	-0.709471249	-0.064935885	0.141556511	0.004994348	0
32	42341249	0.000655196	0.000788525	-0.704652333	-0.709551998	-0.073923787	0.138884122	0.015249841	0
33	42357916	0.000684426	0.000815839	-0.704575595	-0.70962814	-0.069016443	0.131862947	0.013845984	0
34	42374583	0.000730209	0.00084376	-0.704495497	-0.709707581	-0.076130322	0.149608464	0.011936173	0
35	42391250	0.000762067	0.000864704	-0.704414483	-0.709787931	-0.073236226	0.151575912	-0.004123318	0
36	42407917	0.000794824	0.000891287	-0.704338564	-0.709863199	-0.073504637	0.142683664	0.010078932	0
37	42424584	0.000833004	0.000930365	-0.704257728	-0.709943303	-0.090298295	0.124222162	0.019840661	0
38	42441251	0.000873393	0.000955933	-0.70417832	-0.710021983	-0.083113913	0.143407863	0.004181801	0
39	42457918	0.00090764	0.000981513	-0.704102729	-0.710096866	-0.098218606	0.153512838	0.010741266	0
40	42474585	0.000937007	0.001022117	-0.704019714	-0.710179076	-0.098412785	0.151223126	0.021730382	0
41	42491252	0.000969444	0.001058292	-0.703943062	-0.710254958	-0.087752863	0.154550812	0.024586444	0
42	42507919	0.000995739	0.00107665	-0.703860749	-0.710336466	-0.096124254	0.135979456	0.009078855	0
43	42524586	0.001033166	0.001116243	-0.703790341	-0.710406111	-0.097486609	0.144915857	0.000319426	0
44	42541253	0.001056709	0.001141724	-0.703708602	-0.710487004	-0.099597759	0.123964397	0.019604773	0
45	42557920	0.001083887	0.001161479	-0.703632583	-0.710562217	-0.093279769	0.156256636	0.013595091	0
46	42574587	0.001119093	0.001191647	-0.70355879	-0.710635178	-0.097761696	0.144393192	0.009761935	0
47	42591254	0.001152285	0.001223525	-0.703475992	-0.710717035	-0.103764387	0.163063237	0.035588124	0
48	42607921	0.001181018	0.001249453	-0.70340149	-0.710790678	-0.109072788	0.151389203	0.010275598	0
49	42624588	0.001210249	0.001285382	-0.703329862	-0.710861441	-0.121581857	0.157040782	0.01973475	0
50	42641255	0.001239235	0.001312159	-0.703258576	-0.710931866	-0.099471758	0.156961967	0.024618859	0
51	42657922	0.001272361	0.001344417	-0.703191339	-0.710998252	-0.120360734	0.128866945	0.020501774	0
52	42674589	0.001307817	0.001371324	-0.703107044	-0.711081496	-0.11919766	0.161405347	0.01344789	0
53	42691256	0.00133951	0.001386193	-0.703032602	-0.711155007	-0.121349175	0.171864641	0.020315699	0
54	42707923	0.001365467	0.001419425	-0.702956435	-0.711230182	-0.119185815	0.141265842	0.024750204	0
55	42724590	0.001392576	0.001446146	-0.702877685	-0.711307901	-0.112905349	0.146101817	0.027632129	0
56	42741257	0.001417484	0.001478923	-0.702800073	-0.711384468	-0.121631331	0.145005606	0.020604611	0
57	42757924	0.001441605	0.001505774	-0.702725146	-0.711458378	-0.118215794	0.164466433	0.015838526	0
58	42774591	0.001467275	0.001536921	-0.702651311	-0.71153118	-0.11960076	0.154522015	0.005001366	0
59	42791258	0.001497538	0.001570218	-0.702575057	-0.711606339	-0.123095675	0.151892947	0.007617122	0
60	42807925	0.001517699	0.001597034	-0.702502856	-0.711677514	-0.133107657	0.170444669	0.014488708	0
61	42824592	0.001538533	0.001630677	-0.702428313	-0.711750967	-0.13817258	0.156600377	0.019996585	0
62	42841259	0.00155694	0.001663304	-0.702350612	-0.711827527	-0.125938259	0.144252571	0.028808569	0
63	42857926	0.001584713	0.001696241	-0.702275736	-0.711901259	-0.143723612	0.161017655	0.019800178	0
64	42874593	0.001611101	0.001733074	-0.702202552	-0.711973298	-0.149740261	0.143227694	0.009115911	0
65	42891260	0.001635671	0.001765241	-0.702126003	-0.712048653	-0.152246213	0.158790921	0.035050177	0
66	42907927	0.001657349	0.001788659	-0.702050726	-0.712122765	-0.158384087	0.155570378	0.025875116	0
67	42924594	0.001690584	0.001816568	-0.701978734	-0.712193583	-0.159891177	0.159740726	0.017315108	0
68	42941261	0.001706154	0.00185278	-0.701904924	-0.712266196	-0.14999837	0.136172099	0.020846735	0
69	42957928	0.00172305	0.001872764	-0.701835364	-0.712334644	-0.158310028	0.151655427	0.016631316	0
70	42974595	0.001751104	0.001911193	-0.701765677	-0.712403128	-0.141526449	0.135319693	0.020390063	0
71	42991262	0.001780908	0.001939403	-0.701696697	-0.71247092	-0.153080444	0.165835727	0.034083609	0
72	43007929	0.001793758	0.001970877	-0.701636161	-0.712530417	-0.158753833	0.129503953	0.043175606	0
73	43024596	0.001817977	0.002012489	-0.701565783	-0.712599535	-0.174053412	0.150089629	0.04448868	0
74	43041263	0.001825656	0.002052197	-0.7014934	-0.712670657	-0.159602876	0.154579055	0.021371503	0
75	43057930	0.001834221	0.002085205	-0.701425588	-0.712737281	-0.176352519	0.128718206	0.033400202	0
76	43074597	0.001848389	0.002125057	-0.701365232	-0.71279652	-0.18080473	0.125221136	0.040047461	0
77	43091264	0.001854745	0.002162723	-0.701302947	-0.712857671	-0.171664387	0.165750826	0.039165848	0
78	43107931	0.001865016	0.002205948	-0.701235983	-0.712923384	-0.157857233	0.162042073	0.027121527	0
79	43124598	0.001881428	0.002255065	-0.701172907	-0.712985224	-0.174253109	0.154984297	0.033820901	0
80	43141265	0.001894881	0.002295409	-0.701110634	-0.713046295	-0.180480439	0.140697736	0.023822009	0
81	43157932	0.00190453	0.002331401	-0.701046765	-0.713108947	-0.176394002	0.13306877	0.034651901	0
82	43174599	0.001908268	0.002370116	-0.700981442	-0.713173022	-0.182198306	0.160939685	0.034455322	0
83	43191266	0.001933554	0.002411982	-0.700914867	-0.713238244	-0.189845568	0.151783629	0.027311293	0
84	43207933	0.001944994	0.00245369	-0.700854045	-0.713297837	-0.177716152	0.147464401	0.030696301	0
85	43224600	0.001946469	0.002483425	-0.700794988	-0.713355752	-0.18882739	0.151765405	0.032047193	0
86	43241267	0.001953116	0.002517965	-0.700735755	-0.713413798	-0.180780813	0.153608206	0.033357609	0
87	43257934	0.001966965	0.002564097	-0.700674471	-0.713473785	-0.183629096	0.137109607	0.038677535	0
88	43274601	0.001974337	0.002611676	-0.700622704	-0.713524427	-0.191825395	0.150506724	0.032027071	0
89	43291268	0.001977112	0.002655306	-0.700562685	-0.713583187	-0.194748731	0.157398114	0.040550257	0
90	43307935	0.001975927	0.002692888	-0.700508624	-0.71363612	-0.181368006	0.132745386	0.038764945	0
91	43324602	0.001977026	0.002736365	-0.700451777	-0.713691749	-0.198651146	0.12998293	0.031429552	0
92	43341269	0.001972587	0.002782698	-0.700401187	-0.713741229	-0.197555099	0.164308157	0.039119195	0
93	43357936	0.00197853	0.002833361	-0.700340706	-0.713800359	-0.203086749	0.122994702	0.033277378	0
94	43374603	0.001987172	0.002876898	-0.700275728	-0.713863908	-0.189083408	0.165229753	0.024208914	0
95	43391270	0.00199003	0.002924335	-0.700221852	-0.713916554	-0.214679843	0.173480381	0.032403231	0
96	43407937	0.00199417	0.002980383	-0.700166266	-0.713970826	-0.204962068	0.117696546	0.032880445	0
97	43424604	0.001985271	0.003025868	-0.700112428	-0.714023453	-0.199468109	0.152826277	0.0363242	0
98	43441271	0.00198567	0.003069323	-0.700058964	-0.714075684	-0.197915117	0.12910121	0.042640965	0
99	43457938	0.00198093	0.003120407	-0.700005631	-0.714127759	-0.211687142	0.174409187	0.030414175	0
100	43474605	0.001980106	0.003174454	-0.699955581	-0.71417658	-0.203570081	0.141093306	0.037707434	0
101	43491272	0.001983158	0.003237106	-0.69991082	-0.714220157	-0.210697137	0.137079206	0.027596654	0
102	43507939	0.001984396	0.003293407	-0.699868899	-0.714260974	-0.204286065	0.165959762	0.032996004	0
103	43524606	0.001982736	0.003344006	-0.699828934	-0.714299902	-0.21503015	0.162285525	0.029337114	0
104	43541273	0.001969339	0.003401539	-0.699790987	-0.714336843	-0.217048268	0.149260925	0.034365584	0
105	43557940	0.001957056	0.00344962	-0.699748794	-0.714377978	-0.212992933	0.141214451	0.018753985	0
106	43574607	0.00195638	0.003512151	-0.699705843	-0.714419744	-0.221423181	0.147435278	0.035187657	0
107	43591274	0.001945882	0.003566269	-0.699663746	-0.714460732	-0.212057355	0.131036983	0.039331714	0
108	43607941	0.001924864	0.003623909	-0.699620366	-0.714502978	-0.221879693	0.131448937	0.037214713	0
109	43624608	0.001913083	0.003682404	-0.69957966	-0.714542567	-0.226439226	0.133842408	0.043168536	0
110	43641275	0.001899459	0.003728467	-0.699538588	-0.714582573	-0.225624092	0.140848535	0.031536655	0
111	43657942	0.001884294	0.003787248	-0.699503933	-0.714616228	-0.233115321	0.155978353	0.03023559	0
112	43674609	0.001863709	0.003839513	-0.699468753	-0.714650437	-0.234843365	0.145890989	0.032348915	0
113	43691276	0.001839292	0.003889435	-0.699430591	-0.71468758	-0.23950687	0.152022528	0.034846379	0
114	43707943	0.001813673	0.003939057	-0.699392169	-0.714724974	-0.230372638	0.156926882	0.038145247	0
115	43724610	0.001803318	0.003994681	-0.699353191	-0.714762831	-0.242761346	0.159080687	0.024728407	0
116	43741277	0.001782764	0.004044332	-0.699314195	-0.714800757	-0.232317289	0.160975174	0.044554376	0
117	43757944	0.001768689	0.004111044	-0.699285794	-0.714828196	-0.229121048	0.168730146	0.025521802	0
118	43774611	0.001738696	0.004170251	-0.69925872	-0.714854411	-0.246505615	0.122444935	0.036161831	0
119	43791278	0.00283047	-0.002531734	0.707438758	0.706764447	0.005896459	0.156561199	-0.004996461	0
120	43807945	0.002826722	-0.002522221	0.707439841	0.706763412	-0.000803389	0.157648289	-0.008505226	0
121	43824612	0.002817374	-0.002516886	0.707444919	0.706758385	0.00215281	0.152917729	-0.011904644	0
122	43841279	0.002810192	-0.00250686	0.707445467	0.7067579	-0.003704293	0.132413812	0.00404903	0
123	43857946	0.00279674	-0.002494579	0.707444606	0.706758859	0.010457037	0.156137284	0.000349571	0
124	43874613	0.002780103	-0.002487765	0.707450578	0.70675297	0.00464113	0.137295036	0.007275798	0
125	43891280	0.002781496	-0.002461727	0.707447564	0.706756073	0.003366122	0.173654331	-0.004068069	0
126	43907947	0.002774678	-0.002450061	0.707454323	0.706749376	0.016416083	0.142111504	0.000662677	0
127	43924614	0.002760233	-0.002449804	0.707454621	0.706749134	-0.005798955	0.137570677	0.00994195	0
128	43941281	0.002758133	-0.002447686	0.7074585	0.706745267	-0.000321054	0.15173003	0.010441541	0
129	43957948	0.002758175	-0.002437498	0.707458767	0.706745035	0.012821621	0.140051642	-0.003118383	0
130	43974615	0.002760003	-0.002425629	0.707466587	0.70673724	-0.001526822	0.118004193	-0.003115618	0
131	43991282	0.002752249	-0.002414595	0.707455786	0.706748121	0.000163222	0.140901256	-0.01355013	0
132	44007949	0.002749068	-0.002412743	0.70745264	0.706751288	0.000703428	0.162295483	-0.005764401	0
133	44024616	0.002732533	-0.002404932	0.707457838	0.706746176	-0.003932582	0.14900596	0.001463546	0
134	44041283	0.002718975	-0.002392671	0.707461591	0.706742513	-0.005263344	0.16066445	0.002777726	0
135	44057950	0.002714297	-0.002392312	0.707472297	0.706731815	0.003626864	0.143580904	-0.015865619	0
136	44074617	0.002712433	-0.002385716	0.70747667	0.706727467	0.006782226	0.153116918	-0.01745448	0
137	44091284	0.002708518	-0.002374822	0.707471318	0.706732876	0.001653504	0.174820228	-0.006676084	0
138	44107951	0.002705667	-0.00237483	0.707469943	0.706734264	-0.009648527	0.150643412	-0.010570627	0
139	44124618	0.002699205	-0.002367678	0.707469598	0.706734657	-0.000215215	0.130071342	-0.001121316	0
140	44141285	0.002691381	-0.002360612	0.707469426	0.706734883	-0.003202213	0.141801577	-0.002447452	0
141	44157952	0.002679126	-0.002356047	0.707466911	0.706737463	0.011329643	0.128269251	0.008277398	0
142	44174619	0.002675996	-0.002338469	0.70747127	0.706733169	-0.001226574	0.161251433	0.007047207	0
143	44191286	0.002672149	-0.002324867	0.707469917	0.706734583	0.003785298	0.151232562	-0.004115294	0
144	44207953	0.002667295	-0.002324108	0.707470843	0.706733677	-0.01540706	0.134252352	-0.006475836	0
145	44224620	0.002647957	-0.002320393	0.707470951	0.706733654	-4.06E-05	0.165213943	-0.009164323	0
146	44241287	0.002642062	-0.002315972	0.707473947	0.706730692	0.003367963	0.160209448	0.008792786	0
147	44257954	0.002636119	-0.002306206	0.7074735	0.706731193	0.019506049	0.125458617	-0.007952173	0
148	44274621	0.002628087	-0.002291262	0.707472207	0.706732565	0.005185713	0.149903691	-0.017415544	0
149	44291288	0.002619766	-0.002286756	0.707473382	0.706731435	-0.002859398	0.148612805	0.001351931	0
150	44307955	0.002622048	-0.002279978	0.707474975	0.706729854	-0.002896277	0.127926619	-0.002729093	0
151	44324622	0.002624605	-0.00227192	0.707473153	0.706731694	0.005046531	0.1466962	-0.009136633	0
152	44341289	0.002628405	-0.002258173	0.707479487	0.706725383	-0.005073079	0.140286682	0.00661809	0
153	44357956	0.002624119	-0.002256791	0.707485211	0.706719673	0.003464584	0.15294959	-0.008243073	0
154	44374623	0.002621224	-0.002242454	0.707482386	0.706722558	-0.004988207	0.15417295	0.002583623	0
155	44391290	0.002612671	-0.002243121	0.707479347	0.70672563	0.00233096	0.149374648	-0.00384087	0
156	44407957	0.002602571	-0.002230968	0.707477639	0.706727415	-0.000448954	0.1218147	-0.010598992	0
157	44424624	0.002601485	-0.002224422	0.707478258	0.70672682	-0.004029637	0.140673479	-0.014296416	0
158	44441291	0.002587653	-0.002220773	0.707480705	0.706724433	0.008369283	0.151477472	-0.005569502	0
159	44457958	0.002585185	-0.002213992	0.70747902	0.70672615	0.007397219	0.15881614	0.000623803	0
160	44474625	0.002586862	-0.002203666	0.707479567	0.706725629	-0.010996925	0.149638842	0.003150817	0
161	44491292	0.002579676	-0.00218625	0.707474215	0.706731066	0.002319258	0.160784778	-0.007910355	0
162	44507959	0.002564616	-0.002184952	0.707473346	0.706731996	0.00349342	0.173395491	-0.013950821	0
163	44524626	0.002564823	-0.002187091	0.70747423	0.706731103	0.003604971	0.146591252	-0.005825491	0
164	44541293	0.002565012	-0.002171865	0.707478159	0.706727217	0.013100233	0.133861998	-0.001926107	0
165	44557960	0.00256458	-0.002158253	0.707475746	0.706729675	0.012431289	0.1490299	-0.006259621	0
166	44574627	0.00256087	-0.002144663	0.707474754	0.706730723	0.004699305	0.139497553	0.002579663	0
167	44591294	0.002561745	-0.002131175	0.707474216	0.7067313	-0.002586719	0.148286051	-0.00424288	0
168	44607961	0.002564265	-0.002132954	0.707481553	0.70672394	0.017951061	0.11948061	0.002719673	0
169	44624628	0.002557948	-0.00213147	0.707481199	0.706724321	0.000216279	0.145388384	-0.010904712	0
170	44641295	0.002547102	-0.002119653	0.70748311	0.706722483	0.002426942	0.160208903	-0.001652078	0
171	44657962	0.00254654	-0.002114473	0.707482352	0.70672326	-0.000152861	0.146694753	0.006655519	0
172	44674629	0.002534403	-0.002117831	0.707481486	0.70672416	0.018627116	0.14610687	-0.008977234	0
173	44691296	0.002536437	-0.002108218	0.707481576	0.706724092	-6.32E-05	0.148487616	-0.001220817	0
174	44707963	0.002526202	-0.002103771	0.707487075	0.706718636	0.001668887	0.140384271	-0.0059487	0
175	44724630	0.002522452	-0.002093769	0.707487443	0.706718311	0.003667589	0.133458191	-0.001016392	0
176	44741297	0.002505227	-0.002091172	0.70748567	0.706720155	0.014266529	0.156012503	-0.003116123	0
177	44757964	0.002500171	-0.002091245	0.707480098	0.706725751	-0.000472172	0.155267063	0.006184239	0
178	44774631	0.002494339	-0.002085196	0.707481079	0.706724807	-0.014483095	0.150545793	-0.001041579	0
179	44791298	0.002492943	-0.002072328	0.707482059	0.706723869	0.007694419	0.133513329	-0.023679473	0
180	44807965	0.00249562	-0.002067659	0.707476924	0.706729014	0.001114129	0.155493791	0.009025209	0
181	44824632	0.00250092	-0.002057859	0.707472409	0.706733543	0.000466808	0.150352463	0.002169831	0
182	44841299	0.002491955	-0.002046799	0.707476917	0.706729094	0.003592405	0.141125196	-0.010090969	0
183	44857966	0.002482552	-0.00204528	0.707477531	0.706728517	0.012721624	0.150434935	0.005787772	0
184	44874633	0.002476153	-0.002037852	0.707479502	0.706726588	0.001319005	0.154819724	-0.010533933	0
185	44891300	0.002469226	-0.002036637	0.707477729	0.706728391	-0.007238132	0.13925978	0.003186914	0
186	44907967	0.002464957	-0.002024606	0.707473307	0.706732867	0.003823172	0.130474463	-0.001261198	0
187	44924634	0.002455924	-0.002028313	0.707474089	0.706732104	0.003632179	0.117483334	-0.007179276	0
188	44941301	0.002458378	-0.002019801	0.707473236	0.706732974	0.00630106	0.148325315	0.002524029	0
189	44957968	0.002457877	-0.002014268	0.707464871	0.706741366	0.002369569	0.150023181	-0.012206919	0
190	44974635	0.002463168	-0.002008468	0.70746723	0.706739002	0.001797256	0.137824186	-0.002929913	0
191	44991302	0.002459236	-0.002009766	0.707467483	0.706738759	0.001488444	0.140553615	0.00553832	0
192	45007969	0.002444015	-0.002004984	0.707470173	0.706736132	0.00453348	0.145884098	0.005655996	0
193	45024636	0.002435178	-0.002002171	0.707470938	0.706735405	0.006284897	0.141113727	0.002027644	0
194	45041303	0.002438995	-0.001998616	0.707464121	0.706742226	0.008350799	0.138828715	-1.50E-05	0
195	45057970	0.002436664	-0.001994405	0.707465647	0.706740718	0.0075206	0.14190199	-0.004446901	0
196	45074637	0.002433432	-0.001990333	0.707467365	0.706739022	-0.002433953	0.138945406	-0.011166583	0
197	45091304	0.002425404	-0.001998678	0.70746022	0.706746178	0.006491117	0.156690055	-0.001221235	0
198	45107971	0.002420424	-0.002008286	0.707462065	0.70674432	-0.000451661	0.173783173	0.004134999	0
199	45124638	0.00241181	-0.001995751	0.707468038	0.706738406	-0.003558314	0.154307162	-0.017769325	0
200	45141305	0.002404753	-0.001992159	0.707470214	0.706736262	0.002468907	0.166155516	-0.003837624	0
201	45157972	0.002399767	-0.001987244	0.707468566	0.706737943	0.004549337	0.136880695	0.006758439	0
202	45174639	0.002401716	-0.001969968	0.707464402	0.706742153	0.007023867	0.144096467	-0.006258815	0
203	45191306	0.002394356	-0.001971992	0.707458018	0.706748563	-0.007249991	0.138334706	-0.008623294	0
204	45207973	0.0023897	-0.00197332	0.707462628	0.706743961	-0.013088068	0.151764708	-0.004037079	0
205	45224640	0.002395167	-0.001964211	0.707462001	0.706744594	0.009953309	0.148497473	-0.007801487	0
206	45241307	0.002386663	-0.001960453	0.707463027	0.706743606	0.009470157	0.13691055	-0.002892085	0
207	45257974	0.002374481	-0.001966801	0.707464565	0.706742091	0.003333935	0.133193891	-0.006763625	0
208	45274641	0.002370074	-0.001963356	0.70746091	0.706745774	0.010870914	0.129485026	-0.003641365	0
209	45291308	0.002361578	-0.001969934	0.707454455	0.706752245	0.026116206	0.122612335	-0.011329231	0
210	45307975	0.002362512	-0.001953981	0.707457599	0.70674914	0.012548418	0.126956799	0.010176324	0
211	45324642	0.002360369	-0.001942206	0.707452589	0.706754194	0.014491295	0.15725343	0.00709791	0
212	45341309	0.002367	-0.001922947	0.70745122	0.706755595	0.015246539	0.151376232	-0.007965823	0
213	45357976	0.002359811	-0.001922036	0.707447566	0.706759279	0.008875338	0.157434925	0.000727771	0
214	45374643	0.002353498	-0.001926713	0.707446499	0.706760355	0.007453633	0.150823678	0.008040792	0
215	45391310	0.002347197	-0.001925089	0.707451421	0.706755454	0.001804016	0.148962697	-0.003105442	0
216	45407977	0.002353157	-0.00191452	0.707444402	0.706762489	0.007722841	0.11287535	-0.006395089	0
217	45424644	0.002356009	-0.00191299	0.707441723	0.706765165	-0.004475201	0.148523987	0.001482081	0
218	45441311	0.002361036	-0.001896566	0.707443854	0.706763059	-0.007235851	0.139109403	-0.018072646	0
219	45457978	0.002363504	-0.001893264	0.707444648	0.706762265	-0.001653375	0.134463538	-0.003285787	0
220	45474645	0.002365476	-0.001886859	0.7074392	0.706767729	0.005737555	0.150900788	-0.002768088	0
221	45491312	0.002371502	-0.001886739	0.707433874	0.70677304	-0.003890114	0.160352258	-0.012183848	0
222	45507979	0.002372995	-0.001886206	0.707431858	0.706775054	0.010451241	0.1405202	0.008723211	0
223	45524646	0.002367952	-0.001873205	0.707431934	0.70677503	0.009977864	0.150020006	-0.008796697	0
224	45541313	0.002369277	-0.001864947	0.707438106	0.706768869	0.012258713	0.130774212	-0.000148876	0
225	45557980	0.002366301	-0.001847194	0.707439056	0.706767975	-0.002169726	0.143706522	0.01185936	0
226	45574647	0.002358375	-0.001839251	0.707436216	0.706770865	-0.009166082	0.135595401	-0.001739425	0
227	45591314	0.002361651	-0.001827434	0.707437447	0.706769652	0.017078517	0.132434267	0.001890127	0
228	45607981	0.002367252	-0.001822971	0.707437496	0.706769596	-0.001207753	0.143185101	0.001613388	0
229	45624648	0.002365259	-0.001818113	0.707430594	0.706776524	-0.000192085	0.152135314	0.004210387	0
230	45641315	0.002357405	-0.001816668	0.707427787	0.706779364	0.007920793	0.1373363	0.003587782	0
231	45657982	0.002347526	-0.001818703	0.707425524	0.706781656	0.009148692	0.152681113	0.010662299	0
232	45674649	0.002340917	-0.001803273	0.707424081	0.706783162	-0.002896227	0.169438694	4.62E-05	0
233	45691316	0.00233835	-0.001796433	0.707423318	0.706783952	0.018393823	0.147426754	-0.009661844	0
234	45707983	0.002334037	-0.001794696	0.707422729	0.706784559	0.00567304	0.152417267	0.00612565	0
235	45724650	0.00232657	-0.001796972	0.707426103	0.706781202	0.015132899	0.145525683	-0.005272096	0
236	45741317	0.002336248	-0.001788684	0.707424618	0.706782677	0.016752812	0.115981549	-0.011446605	0
237	45757984	0.002337376	-0.001774945	0.70742539	0.706781935	0.005973278	0.146533876	-0.009192561	0
238	45774651	0.002342132	-0.0017704	0.707427761	0.706779557	-0.003689889	0.160313296	-0.006738704	0
239	45791318	0.002328392	-0.001938393	0.707394318	0.706812635	-0.002404645	0.130148222	-0.000239375	0
240	45807985	0.002322328	-0.001936174	0.707392198	0.706814782	-0.012674034	0.165411348	0.006117222	0
241	45824652	0.002327263	-0.001939316	0.707396861	0.70681009	0.000144513	0.137300371	-0.000488653	0
242	45841319	0.002313881	-0.001940696	0.707394093	0.706812901	0.000327281	0.152585346	0.002937474	0
243	45857986	0.002302241	-0.001946414	0.707391403	0.706815615	0.016897152	0.145457189	-0.00193578	0
244	45874653	0.002294211	-0.001945302	0.70739464	0.706812405	0.010313411	0.138120848	-0.005642586	0
245	45891320	0.002291179	-0.001955725	0.707395349	0.706811677	0.00897784	0.163564512	-0.001031669	0
246	45907987	0.00229163	-0.001955207	0.707395931	0.706811094	0.006621428	0.152494515	-0.012208859	0
247	45924654	0.00228111	-0.001961953	0.707399996	0.706807041	0.005934991	0.124156506	0.005869866	0
248	45941321	0.002274772	-0.001972577	0.707400305	0.706806722	0.002560126	0.169227888	-0.001171916	0
249	45957988	0.002268322	-0.001972727	0.707403597	0.706803448	0.021361128	0.164349901	-0.008989913	0
250	45974655	0.002262515	-0.001978879	0.707413003	0.706794035	-0.002715529	0.147825478	-0.007708707	0
251	45991322	0.002254465	-0.001982715	0.707416399	0.706790651	-0.007837937	0.1293559	-0.004246857	0
252	46007989	0.002256157	-0.001981052	0.707407762	0.706799295	0.00247691	0.136161109	-0.007151912	0
253	46024656	0.002259528	-0.001972841	0.707401355	0.70680572	0.011454148	0.136052663	-0.003463998	0
254	46041323	0.002259165	-0.001972303	0.707405092	0.706801983	0.00208673	0.12987785	-0.002205887	0
255	46057990	0.002255456	-0.001967212	0.707404354	0.706802747	0.011145212	0.150297449	-0.006699092	0
256	46074657	0.00224714	-0.001965019	0.707401624	0.706805511	-0.014008244	0.144127119	0.000222668	0
257	46091324	0.002241507	-0.001958528	0.707404941	0.706802228	0.000360507	0.146550451	-0.009578876	0
258	46107991	0.002243044	-0.001958897	0.707396482	0.706810688	-0.001135953	0.157662358	-0.006524211	0
259	46124658	0.002240175	-0.001962018	0.707403419	0.706803745	0.00101707	0.152557228	0.002179209	0
260	46141325	0.002243672	-0.001955381	0.707401418	0.706805756	-0.000422847	0.146052412	0.013724597	0
261	46157992	0.002235474	-0.001954781	0.707411557	0.706795636	-0.003431388	0.148471519	0.007501429	0
262	46174659	0.002236204	-0.00196238	0.707407053	0.70680012	-0.001029329	0.153072065	0.002692202	0
263	46191326	0.002230055	-0.001962936	0.707407781	0.706799409	0.014588231	0.139612714	-0.017168163	0
264	46207993	0.002235803	-0.001955328	0.707403751	0.706803445	0.004919228	0.180318878	-0.013752701	0
265	46224660	0.002235368	-0.001955186	0.707398609	0.706808594	-0.009205893	0.150978871	-0.005991101	0
266	46241327	0.002228205	-0.001965966	0.707408672	0.706798515	-0.001036374	0.142914753	-0.009489233	0
267	46257994	0.002227085	-0.001957363	0.707411868	0.706795343	-0.006782962	0.154849278	-0.009951816	0
268	46274661	0.002221143	-0.00195739	0.70741101	0.706796221	0.006333665	0.117547078	-0.009346708	0
269	46291328	0.002220486	-0.001956283	0.707410352	0.706796885	-0.002211083	0.149487575	-0.0114266	0
270	46307995	0.002224321	-0.001939722	0.707412411	0.706794857	-0.009459152	0.15202428	-0.010470382	0
271	46324662	0.002227903	-0.001942316	0.707416804	0.706790442	-0.004037912	0.140149002	-0.007900195	0
272	46341329	0.002229591	-0.001942633	0.707414148	0.706793095	0.000905565	0.155455995	-0.009527504	0
273	46357996	0.002217528	-0.001949595	0.707415906	0.706791354	0.008885209	0.134785021	-0.012943364	0
274	46374663	0.002218205	-0.001949273	0.707415306	0.706791953	0.018073491	0.14415364	-0.003681626	0
275	46391330	0.002218139	-0.001950202	0.707413888	0.70679337	0.001792201	0.149158708	0.004082776	0
276	46407997	0.002221561	-0.001947458	0.707408962	0.706798297	-0.002036272	0.143155262	-0.002692967	0
277	46424664	0.002230702	-0.001935953	0.707413586	0.706793672	0.015137693	0.141028661	0.003818952	0
278	46441331	0.002229841	-0.001942003	0.70741513	0.706792113	0.00201475	0.134236343	-0.007153637	0
279	46457998	0.002231478	-0.001926212	0.707418376	0.706788901	0.000716013	0.152380717	-0.012670906	0
280	46474665	0.002241686	-0.001913996	0.707417131	0.706790149	0.003994708	0.172711754	-0.005801559	0
281	46491332	0.002244973	-0.0019117	0.707417832	0.706789443	0.012864132	0.142020994	-0.006539984	0
282	46507999	0.002248469	-0.00190237	0.707413672	0.706793621	-0.008830206	0.15456396	-0.013331272	0
283	46524666	0.00224867	-0.001899443	0.707412614	0.706794687	0.009842721	0.135773862	-0.007916589	0
284	46541333	0.00224005	-0.001884464	0.70741627	0.706791095	-0.00215611	0.152025801	-0.001671523	0
285	46558000	0.002239434	-0.001886968	0.707423445	0.706783909	-0.014661556	0.137779716	0.012835246	0
286	46574667	0.00223205	-0.00188754	0.707425399	0.706781975	0.015208205	0.164558042	-0.001366736	0
287	46591334	0.002228178	-0.001884271	0.707417299	0.706790103	0.009397826	0.154432482	-0.001170985	0
288	46608001	0.002219663	-0.001891904	0.707419725	0.706787681	0.00337022	0.136287149	-0.005177035	0
289	46624668	0.002218682	-0.001899266	0.707424985	0.7067824	-0.000862848	0.118823936	-0.011438818	0
290	46641335	0.00222705	-0.001891635	0.707430663	0.70677671	0.003433894	0.156513508	-0.010583261	0
291	46658002	0.002221454	-0.001892114	0.707435094	0.706772292	-0.006171065	0.148959815	-0.006264629	0
292	46674669	0.002220972	-0.001889	0.707430282	0.706777118	-0.006239016	0.129218842	0.001657207	0
293	46691336	0.002216951	-0.001891631	0.707432551	0.706774853	0.003870174	0.144307669	-0.003715628	0
294	46708003	0.002218403	-0.001887558	0.707430448	0.706776964	-0.006124423	0.147687687	-0.00175708	0
295	46724670	0.002214392	-0.001889159	0.707433934	0.706773484	0.011244042	0.120947068	0.005345341	0
296	46741337	0.00221627	-0.00188344	0.707436974	0.70677045	0.00865342	0.137061228	-0.012970777	0
297	46758004	0.002221178	-0.001878008	0.707439781	0.706767639	-0.00139163	0.153384242	0.001559245	0
298	46774671	0.002213526	-0.001878311	0.707438848	0.706768596	0.001213338	0.14427089	0.009769034	0
299	46791338	0.002213974	-0.001874993	0.707448271	0.706759172	0.008359659	0.146241072	-0.006896324	0
300	46808005	0.00220836	-0.001874021	0.707453584	0.706753873	0.001218747	0.129029592	0.014889033	0
301	46824672	0.002202789	-0.001873148	0.707456788	0.706750686	0.008435726	0.165594561	0.005584415	0
302	46841339	0.002198738	-0.001872519	0.707451817	0.706755676	0.004679974	0.142259497	-0.006741773	0
303	46858006	0.002200745	-0.001868981	0.707447495	0.706760006	0.011642973	0.131218027	-0.010129233	0
304	46874673	0.002201279	-0.001861649	0.707449783	0.706757733	0.000737806	0.160783577	0.01642494	0
305	46891340	0.002196733	-0.001855647	0.707440679	0.706766875	0.006181241	0.147178462	-0.007486919	0
306	46908007	0.002207262	-0.001845548	0.707438527	0.706769024	0.011671575	0.140353201	-0.007940538	0
307	46924674	0.002212836	-0.001840105	0.707439761	0.706767785	0.009790398	0.162588928	-0.016115407	0
308	46941341	0.002208899	-0.001838201	0.707441602	0.70676596	0.014537864	0.164748831	-0.009676448	0
309	46958008	0.002204965	-0.001839805	0.707441833	0.706765736	0.000612037	0.129678796	-0.008620034	0
310	46974675	0.002189739	-0.001847437	0.707431955	0.706775651	-0.001594452	0.139867655	-0.004424468	0
311	46991342	0.002183048	-0.001844741	0.707431391	0.706776244	0.017990407	0.138783552	-0.00828054	0
312	47008009	0.002180863	-0.001851169	0.707429596	0.70677803	0.008039271	0.145221555	-0.01727949	0
313	47024676	0.002179863	-0.001840899	0.707426613	0.706781046	0.004306659	0.143098834	-0.003616336	0
314	47041343	0.002170364	-0.001838259	0.707424355	0.706783342	0.00032093	0.147362011	0.003173713	0
315	47058010	0.002165797	-0.001840112	0.70742621	0.706781495	-0.005793401	0.146746655	-0.010413342	0
316	47074677	0.002170785	-0.001835914	0.707426562	0.706781138	0.003089621	0.133431325	-0.010263517	0
317	47091344	0.002165789	-0.00183772	0.707423018	0.706784696	-0.004503473	0.142389957	-0.003428177	0
318	47108011	0.002177411	-0.00182703	0.70742551	0.706782193	0.012002714	0.130962339	0.003500266	0
319	47124678	0.002173871	-0.001831835	0.707425368	0.706782334	0.009659213	0.133465377	-0.007525139	0
320	47141345	0.00217224	-0.001826166	0.707429723	0.706777995	-0.008864838	0.142847505	-0.008967864	0
321	47158012	0.002161888	-0.00181549	0.707427401	0.706780378	0.00715608	0.167015728	-9.99E-05	0
322	47174679	0.00216531	-0.001806165	0.707428143	0.706779649	0.008291714	0.159638476	0.00280148	0
323	47191346	0.002171872	-0.001809098	0.707423081	0.706784687	-0.000585208	0.1526965	-0.008219207	0
324	47208013	0.002166679	-0.001814333	0.707428449	0.706779317	0.009108627	0.135627466	-0.000461273	0
325	47224680	0.002168642	-0.00180569	0.707428966	0.706778816	-0.000321532	0.154629155	-0.001216032	0
326	47241347	0.00217494	-0.001799341	0.707431494	0.706776283	0.007034723	0.147631241	0.001959729	0
327	47258014	0.002172789	-0.00180215	0.707432682	0.706775092	0.008526237	0.136321125	-0.003646624	0
328	47274681	0.002177814	-0.001802661	0.707430441	0.706777319	-0.003825248	0.163125204	0.002798791	0
329	47291348	0.002179326	-0.001794401	0.707430221	0.706777556	0.002550592	0.144865892	-0.007069206	0
330	47308015	0.00218741	-0.001785113	0.707429378	0.706778398	-0.006716678	0.135185662	-0.010857465	0
331	47324682	0.002182976	-0.001775491	0.707428648	0.706779167	-0.007532402	0.145272256	0.00425991	0
332	47341349	0.002171677	-0.001781623	0.707432693	0.706775138	0.013416698	0.129067409	7.48E-05	0
333	47358016	0.002170496	-0.001776467	0.707438254	0.706769587	0.001007321	0.137879486	0.000166332	0
334	47374683	0.002176472	-0.001778487	0.707436136	0.706771685	0.004397913	0.127491834	-0.003504473	0
335	47391350	0.002170352	-0.001783466	0.70743318	0.706774649	0.005201446	0.114871768	-0.012759197	0
336	47408017	0.002163968	-0.001777399	0.707432936	0.706774928	0.010522628	0.147199594	0.000615334	0
337	47424684	0.002151541	-0.001786542	0.707436447	0.706771429	-0.005382001	0.171059527	-0.009062102	0
338	47441351	0.00215861	-0.001782277	0.707440481	0.70676738	-0.018871787	0.148378437	-0.009262519	0
339	47458018	0.002165115	-0.001775085	0.707439609	0.706768251	-0.005575169	0.13984618	-0.003963196	0
340	47474685	0.002160203	-0.001772426	0.707442244	0.706765635	0.012999397	0.14363019	0.006743965	0
341	47491352	0.002153928	-0.001771561	0.707443648	0.706764252	0.003099156	0.134810101	0.003992642	0
342	47508019	0.002150234	-0.001769581	0.707444342	0.706763573	-0.000899737	0.144363581	-0.005434046	0
343	47524686	0.002144431	-0.001760563	0.707449233	0.706758717	-6.83E-05	0.142181685	-0.003969782	0
344	47541353	0.00214539	-0.001753266	0.707450254	0.706757711	-0.002006537	0.158162292	-0.002245372	0
345	47558020	0.002151544	-0.001736644	0.70745226	0.706755725	-0.005156973	0.148646052	-0.008787497	0
346	47574687	0.002153514	-0.001739434	0.70745638	0.706751588	0.003373457	0.13689077	-0.003122884	0
347	47591354	0.002150534	-0.001741181	0.707452626	0.70675535	0.01350675	0.144263143	0.010428019	0
348	47608021	0.002152268	-0.001733999	0.707454995	0.706752991	0.012189166	0.164886838	-0.007677739	0
349	47624688	0.002155655	-0.001729211	0.70745538	0.706752607	0.002142269	0.153454764	-0.006839298	0
350	47641355	0.002144762	-0.001732485	0.707457476	0.706750535	0.009095178	0.13502395	-0.012114753	0
351	47658022	0.00214318	-0.001742155	0.7074598	0.70674819	0.009649929	0.159831731	0.004399779	0
352	47674689	0.002126995	-0.00175325	0.707460703	0.706747307	-0.006278211	0.159836986	-0.00756583	0
353	47691356	0.002113421	-0.001755867	0.707466067	0.706741972	0.001644152	0.175270443	0.00857419	0
354	47708023	0.00210817	-0.00175856	0.70746806	0.706739986	0.013993905	0.125480816	0.002713264	0
355	47724690	0.002105331	-0.001751269	0.707467281	0.706740792	0.007327204	0.136118907	0.000318396	0
356	47741357	0.002115553	-0.001741526	0.707463237	0.706744833	0.011584488	0.138230184	-0.005639732	0
357	47758024	0.002108915	-0.001737015	0.707465234	0.706742866	0.010289666	0.164493452	-0.005829938	0
358	47774691	0.002113655	-0.001741714	0.707465747	0.706742326	-0.002599953	0.155731275	-0.003415114	0
359	47791358	0.002125837	-0.001724724	0.707378022	0.706830135	0.01035295	0.160246186	-0.002136935	0
360	47808025	0.002124261	-0.001722283	0.707376509	0.70683166	-0.000988015	0.156155603	-0.002970689	0
361	47824692	0.002127872	-0.001711044	0.707382233	0.706825948	0.008327058	0.139461964	-0.000767378	0
362	47841359	0.002136544	-0.001698037	0.707385676	0.706822507	-0.01546067	0.161795191	-0.006047391	0
363	47858026	0.002132527	-0.001695983	0.707385518	0.706822683	0.004623413	0.154586846	0.005669632	0
364	47874693	0.002127403	-0.001688511	0.707381544	0.706826693	0.002890514	0.15043202	-0.007453363	0
365	47891360	0.002135562	-0.001685793	0.707385939	0.706822276	0.002138448	0.136212406	-0.004610175	0
366	47908027	0.002132791	-0.00168416	0.707391499	0.706816725	0.003311087	0.165413211	0.002407548	0
367	47924694	0.002134518	-0.001681413	0.707393481	0.706814742	-0.000995146	0.150722079	0.00560145	0
368	47941361	0.002125208	-0.001683888	0.707395332	0.706812912	0.010340535	0.155442349	-0.00639575	0
369	47958028	0.002129269	-0.001688366	0.707395338	0.706812883	-0.004927227	0.16294066	0.002301824	0
370	47974695	0.002131065	-0.001694844	0.707395162	0.706813039	0.016385953	0.150233348	-0.002251375	0
371	47991362	0.002118715	-0.001685322	0.707387939	0.706820326	0.007633711	0.125856821	-0.003319987	0
372	48008029	0.002116981	-0.001691966	0.707384269	0.706823989	0.005333336	0.138055749	-0.001248251	0
373	48024696	0.002122083	-0.00169778	0.707388222	0.706820004	0.003325947	0.119854617	-0.007080342	0
374	48041363	0.002109012	-0.001708002	0.707393741	0.706814494	0.001792933	0.153408177	0.011531181	0
375	48058030	0.002100072	-0.001715786	0.707394958	0.706813284	-0.000720879	0.155379343	0.021211446	0
376	48074697	0.002104116	-0.001714751	0.707396743	0.706811489	0.001503218	0.152173287	0.006255615	0
377	48091364	0.002102436	-0.001719042	0.707395991	0.706812236	0.003501012	0.164718137	-0.005445935	0
378	48108031	0.002097178	-0.001720795	0.707400128	0.706808106	0.00780982	0.138838434	-0.006473501	0
379	48124698	0.002101182	-0.00172058	0.707401549	0.706806673	0.004891414	0.158078156	0.011345794	0
380	48141365	0.002094671	-0.001716311	0.707400525	0.706807728	0.012741285	0.147507358	-0.000904633	0
381	48158032	0.002095361	-0.00171713	0.707394924	0.70681333	0.006075017	0.159460864	-0.004601403	0
382	48174699	0.002103881	-0.001711167	0.707390407	0.706817839	0.000215669	0.139402717	0.000438323	0
383	48191366	0.002096138	-0.001708625	0.707390954	0.70681732	-0.011164206	0.163764203	-0.004052122	0
384	48208033	0.002100547	-0.001699446	0.707390297	0.706817987	-0.005591391	0.130229782	0.004792846	0
385	48224700	0.002107003	-0.001687393	0.707392383	0.706815909	0.009853419	0.160165754	0.003441514	0
386	48241367	0.002103435	-0.001684607	0.707392297	0.706816013	-0.000857624	0.166608629	-0.014737246	0
387	48258034	0.002098416	-0.001693444	0.707389838	0.706818467	0.007069181	0.129258604	0.005207405	0
388	48274701	0.002099894	-0.001677251	0.707388319	0.706820022	-0.000124603	0.157291945	-0.000142445	0
389	48291368	0.002091579	-0.001671126	0.707387276	0.706821105	0.00444636	0.1484986	0.004391612	0
390	48308035	0.002085196	-0.001668619	0.707388387	0.706820018	-0.006504894	0.143766629	-0.012634675	0
391	48324702	0.002083868	-0.001673925	0.707390619	0.706817776	-0.002218081	0.158712142	0.001202116	0
392	48341369	0.002081509	-0.001666181	0.707392991	0.706815426	-8.88E-05	0.137685004	0.020944049	0
393	48358036	0.002090098	-0.001660636	0.707397511	0.70681089	0.011108099	0.13744912	-0.00349367	0
394	48374703	0.002086906	-0.001657513	0.70740355	0.706804863	-0.007298324	0.160852331	-0.008864797	0
395	48391370	0.002083623	-0.001649846	0.707402803	0.706805639	0.007777572	0.136529792	0.006717051	0
396	48408037	0.002080472	-0.001649471	0.707403774	0.706804676	0.011647996	0.151870417	0.018884894	0
397	48424704	0.002070465	-0.001654722	0.707402074	0.706806395	0.003918406	0.145536617	0.01513322	0
398	48441371	0.002075348	-0.001644094	0.707400049	0.706808433	0.00196469	0.140544452	-0.009175269	0
399	48458038	0.002079771	-0.001646557	0.707393126	0.706815343	0.016405325	0.147362877	-0.003509023	0
400	48474705	0.002084936	-0.001634894	0.707397275	0.706811202	-0.002014341	0.141496356	0.007966164	0
401	48491372	0.002084946	-0.001638959	0.707396113	0.706812356	0.001727834	0.147100527	-0.007537124	0
402	48508039	0.002098642	-0.001621945	0.707397376	0.70681109	-0.009592268	0.165487982	-0.021292513	0
403	48524706	0.002100506	-0.001619296	0.707403082	0.70680538	-0.00252036	0.148568999	0.003556922	0
404	48541373	0.002102626	-0.001608472	0.707398691	0.706809793	0.008581329	0.13417596	0.002697272	0
405	48558040	0.002099076	-0.001608027	0.707400597	0.706807897	0.00112197	0.139338418	-0.001449068	0
406	48574707	0.002087632	-0.001616111	0.707398634	0.706809877	0.00142244	0.142376599	0.009438455	0
407	48591374	0.00207784	-0.001609583	0.70739879	0.706809765	0.015114212	0.143241312	0.002772046	0
408	48608041	0.00207043	-0.001601569	0.707401268	0.706807325	0.003205056	0.148042033	-0.003516671	0
409	48624708	0.00206873	-0.001595906	0.707397523	0.70681109	0.005887857	0.142769062	-0.008216452	0
410	48641375	0.00206722	-0.00158428	0.707393558	0.70681509	-0.001218162	0.143226118	0.006794101	0
411	48658042	0.002057052	-0.001582986	0.707393257	0.706815423	0.006594459	0.155764738	0.004284214	0
412	48674709	0.00205401	-0.00158269	0.707394788	0.706813901	-0.002857437	0.150070264	-0.005695455	0
413	48691376	0.002049101	-0.001577291	0.707396017	0.706812697	0.008448746	0.125202718	0.006374297	0
414	48708043	0.002055564	-0.001572338	0.707391397	0.706817313	0.007932133	0.140682414	-0.007867405	0
415	48724710	0.002067001	-0.001562288	0.707388434	0.706820267	-0.00165925	0.136470145	-0.00342783	0
416	48741377	0.002069762	-0.001558998	0.707381827	0.706826879	0.003633091	0.134446929	0.013012563	0
417	48758044	0.002064267	-0.001552538	0.707382017	0.706826718	0.002675625	0.170578378	-0.00484123	0
418	48774711	0.00206063	-0.001560731	0.707383578	0.706825149	-0.002631544	0.134698324	-0.007915176	0
419	48791378	0.002059062	-0.001564246	0.707385544	0.706823178	-0.002186628	0.160378509	-0.00057183	0
420	48808045	0.002050254	-0.001563622	0.707383335	0.706825416	-0.004084045	0.157864409	-0.008480747	0
421	48824712	0.002051207	-0.001570702	0.707394275	0.706814449	0.007840643	0.145644884	0.003229874	0
422	48841379	0.002046932	-0.001567961	0.707390522	0.706818223	-0.007354225	0.149143516	-0.002579887	0
423	48858046	0.002053006	-0.001560797	0.707396643	0.706812096	0.007291022	0.13156081	0.009595108	0
424	48874713	0.002060157	-0.001562233	0.707395703	0.706813013	-0.004067473	0.152027445	-0.010145215	0
425	48891380	0.002062164	-0.001563781	0.707399474	0.706809229	0.005747488	0.132417907	-0.006092113	0
426	48908047	0.00205795	-0.001561171	0.707398841	0.70680988	0.004686768	0.139392655	-0.002318336	0
427	48924714	0.002057453	-0.001559592	0.707407146	0.706801573	-0.001707818	0.152250942	-0.001148154	0
428	48941381	0.002053791	-0.001559183	0.707403229	0.706805505	-0.000482149	0.165008568	-0.006790355	0
429	48958048	0.002053705	-0.001555581	0.707401728	0.706807016	-0.001012177	0.143648864	-0.009763102	0
430	48974715	0.002054353	-0.001546885	0.707402456	0.706806305	0.007171117	0.151086863	-0.004405343	0
431	48991382	0.002061699	-0.001538729	0.707407715	0.706801037	-0.00135939	0.128602199	0.004209028	0
432	49008049	0.002079079	-0.001541384	0.707399149	0.706809554	0.009867991	0.157334116	-0.011947587	0
433	49024716	0.002075039	-0.001543692	0.707396689	0.706812023	-0.002002692	0.149430431	-0.015031668	0
434	49041383	0.002076074	-0.001540662	0.707385644	0.706823081	0.010547826	0.116920406	-0.00320454	0
435	49058050	0.002106374	-0.001508541	0.707386688	0.706822015	-0.00710081	0.184216452	-0.020172527	0
436	49074717	0.002078377	-0.001537049	0.707386786	0.706821939	0.009913948	0.152144032	0.011614489	0
437	49091384	0.00206502	-0.001552362	0.707385506	0.706823225	0.002704585	0.123754293	-0.005034537	0
438	49108051	0.002079284	-0.001539841	0.707384085	0.706824633	0.005460945	0.157901729	-0.006180816	0
439	49124718	0.002071032	-0.00154659	0.707383672	0.706825056	0.007876971	0.150214096	0.001082447	0
440	49141385	0.002071806	-0.001531916	0.707380239	0.706828521	-0.001922802	0.152641258	0.002341369	0
441	49158052	0.002061493	-0.001535785	0.707381388	0.706827393	0.005771601	0.142167698	0.001019598	0
442	49174719	0.002065491	-0.001531257	0.707377644	0.706831138	0.006454052	0.138635271	-0.005123201	0
443	49191386	0.002079072	-0.001526253	0.707376734	0.70683202	0.000942315	0.150348549	-0.000885794	0
444	49208053	0.002079092	-0.001533212	0.70737879	0.706829947	0.003036354	0.144626805	0.013703343	0
445	49224720	0.002071703	-0.001536222	0.707375258	0.706833497	-0.005960948	0.124237516	-0.006672402	0
446	49241387	0.002070143	-0.00154417	0.707376954	0.706831787	-0.000652146	0.156968047	-0.002753186	0
447	49258054	0.002068033	-0.001545301	0.707372805	0.706835942	0.01916416	0.13378887	-0.00214141	0
448	49274721	0.002063532	-0.001551316	0.707379301	0.706829441	0.004169681	0.141304106	-0.003090761	0
449	49291388	0.002065333	-0.001548149	0.707384932	0.706823808	-0.000720472	0.141633338	-0.016833133	0
450	49308055	0.002065913	-0.001542542	0.707387179	0.706821569	-0.000344804	0.145322274	-0.010965136	0
451	49324722	0.002076091	-0.001544484	0.707390122	0.706818591	-0.004553802	0.127972174	0.00524066	0
452	49341389	0.002069766	-0.001543911	0.707388172	0.706820562	0.001234737	0.143720808	0.001493046	0
453	49358056	0.00206164	-0.00155412	0.707387088	0.706821648	-0.000262186	0.125044775	-0.001827338	0
454	49374723	0.002069886	-0.00155132	0.707383593	0.706825128	0.00701141	0.142234002	-0.005288086	0
455	49391390	0.002081944	-0.001556451	0.707387389	0.706821282	0.012080738	0.138105029	-0.004422917	0
456	49408057	0.002074833	-0.001556081	0.707390267	0.706818423	-0.010007073	0.153939031	-1.42E-06	0
457	49424724	0.00207911	-0.001554717	0.707393258	0.70681542	0.004067749	0.152906312	-0.007995977	0
458	49441391	0.002081095	-0.001556032	0.707388364	0.70682031	0.004791968	0.167606641	-0.006505724	0
459	49458058	0.002076133	-0.001562796	0.707381599	0.70682708	0.001055602	0.124590641	-0.005035816	0
460	49474725	0.00207226	-0.001571542	0.707381424	0.706827246	-0.001032921	0.151546171	0.000116155	0
461	49491392	0.002060052	-0.001565818	0.707386322	0.706822393	0.006902972	0.149330646	-0.00197609	0
462	49508059	0.002062135	-0.001553307	0.707386949	0.706821788	0.005299045	0.147331781	-0.007884183	0
463	49524726	0.002069588	-0.001549367	0.707392309	0.70681641	0.003369457	0.141460918	-0.005756664	0
464	49541393	0.002072925	-0.0015525	0.707386991	0.706821716	0.00711717	0.146504052	-0.00469836	0
465	49558060	0.002069118	-0.001552973	0.707387212	0.706821505	0.005039835	0.146848338	-0.006515728	0
466	49574727	0.002073202	-0.001544414	0.7073953	0.706813417	0.008845124	0.157795233	-0.002670309	0
467	49591394	0.002073322	-0.001548026	0.707390912	0.7068178	0.011729537	0.145016755	-0.001365458	0
468	49608061	0.002075647	-0.001546191	0.707387412	0.7068213	0.012367624	0.136073416	-0.002937313	0
469	49624728	0.002074905	-0.00154457	0.707395105	0.706813607	-0.004116123	0.14140768	-0.005752641	0
470	49641395	0.002073451	-0.0015329	0.70739493	0.706813812	0.005983748	0.141967522	-0.012212256	0
471	49658062	0.002072165	-0.001526906	0.707396784	0.706811973	-0.014771069	0.132765661	0.00273263	0
472	49674729	0.002072472	-0.001528488	0.707395762	0.706812992	-0.001819584	0.164546123	-0.003771639	0
473	49691396	0.002063504	-0.001536297	0.707397231	0.70681153	0.008105117	0.155575137	0.00149843	0
474	49708063	0.002061725	-0.001541981	0.707393707	0.70681505	-0.003377179	0.146251192	0.001941067	0
475	49724730	0.002061759	-0.001544118	0.707397096	0.706811654	0.005996599	0.139244721	-0.006738186	0
476	49741397	0.002057037	-0.001538901	0.707407562	0.706801203	-0.007193834	0.140549972	-0.006099895	0
477	49758064	0.002058692	-0.001524733	0.707412779	0.706796008	-0.008981908	0.135427196	0.001735051	0
478	49774731	0.002056536	-0.001525488	0.707417538	0.706791249	-0.000751644	0.143833758	-0.012808704	0
479	49791398	0.002011507	-0.001565069	0.707391043	0.70681781	0.006320255	0.143751657	-0.012072127	0
480	49808065	0.002009024	-0.001567519	0.707396291	0.706812559	0.005063318	0.146912797	-0.015647259	0
481	49824732	0.002013894	-0.001562249	0.707399271	0.706809575	0.002973916	0.185990265	0.000843979	0
482	49841399	0.002014897	-0.001562108	0.707402569	0.706806271	0.025062677	0.159681126	-0.005372863	0
483	49858066	0.002019193	-0.001553727	0.707402756	0.706806091	0.00536409	0.149242004	0.007155475	0
484	49874733	0.002018692	-0.001551602	0.70740195	0.706806903	0.006420686	0.135474222	0.006460662	0
485	49891400	0.002023576	-0.001549936	0.707405273	0.706803567	0.005379213	0.140581411	-0.005503447	0
486	49908067	0.00202419	-0.001554514	0.70740239	0.70680644	0.012551733	0.134847341	-0.014397809	0
487	49924734	0.002030411	-0.001571527	0.707401343	0.706807433	-0.00768054	0.155122012	-0.007451111	0
488	49941401	0.002032865	-0.001570877	0.707403011	0.706805758	0.012833559	0.132120288	-0.010595323	0
489	49958068	0.002040065	-0.001572138	0.707404326	0.706804419	-0.001218673	0.141358723	0.000945392	0
490	49974735	0.002035151	-0.001571663	0.707406965	0.706801793	0.015235389	0.150640685	-0.008245584	0
491	49991402	0.002043261	-0.001566321	0.707407421	0.706801324	0.006492267	0.152138079	0.000301914	0
492	50008069	0.002043009	-0.00155961	0.707394606	0.706814166	-0.005281592	0.14117407	0.003528912	0
493	50024736	0.002040481	-0.001566197	0.707394328	0.706814437	0.011193702	0.147286026	0.00146265	0
494	50041403	0.002028677	-0.001572696	0.707396977	0.706811806	0.000281456	0.164462538	-0.004163773	0
495	50058070	0.002021846	-0.001565868	0.707390529	0.706818294	-0.002440756	0.145810152	-0.003123731	0
496	50074737	0.002021521	-0.001569717	0.707390446	0.706818369	0.012354675	0.131081423	-0.002063168	0
497	50091404	0.002026808	-0.001565439	0.707393584	0.706815222	-0.007310296	0.150694513	-0.015849523	0
498	50108071	0.002023485	-0.001569158	0.70738831	0.706820502	0.000156934	0.159967809	0.002440119	0
499	50124738	0.002028772	-0.001572565	0.707388471	0.706820318	0.000451057	0.150752831	-0.004495589	0
500	50141405	0.002030636	-0.001577545	0.707392767	0.706816002	0.004897802	0.150866819	-0.006710221	0
501	50158072	0.002040373	-0.001578491	0.70740296	0.706805771	-0.0105771	0.16004135	0.009440548	0
502	50174739	0.002032336	-0.001580644	0.707407721	0.706801024	-0.000142478	0.154418292	-0.001958998	0
503	50191406	0.002037598	-0.001570858	0.707410585	0.706798164	0.014119403	0.144860904	-0.007523547	0
504	50208073	0.00203419	-0.00158178	0.707412849	0.706795883	0.005798854	0.140853472	-0.018546657	0
505	50224740	0.002030738	-0.001586444	0.707417596	0.706791132	0.002332421	0.118155415	-0.00418576	0
506	50241407	0.002026952	-0.001582407	0.70742277	0.706785973	9.92E-05	0.142379334	-0.009811068	0
507	50258074	0.002025744	-0.001576184	0.707420591	0.706788171	0.002028551	0.136471883	-0.016650669	0
508	50274741	0.002028678	-0.001581727	0.707416681	0.706792064	-0.004344058	0.157101197	0.001528021	0
509	50291408	0.002022221	-0.001588155	0.70741331	0.706795442	0.004106383	0.152410429	-0.013910517	0
510	50308075	0.002010139	-0.001587578	0.707411575	0.706797214	0.008179706	0.132423007	-0.015468189	0
511	50324742	0.002014971	-0.001584362	0.70740966	0.706799124	0.01169904	0.130508503	0.001455994	0
512	50341409	0.002018921	-0.0015842	0.707405091	0.706803687	0.008743368	0.15446676	-0.005834578	0
513	50358076	0.002013224	-0.001583819	0.707408567	0.706800225	-0.004116528	0.144634687	0.002253493	0
514	50374743	0.002012795	-0.001588013	0.707416197	0.70679258	0.008125854	0.156134756	-0.01502202	0
515	50391410	0.002007855	-0.001594419	0.707419977	0.706788796	-0.000220221	0.13934165	0.002138831	0
516	50408077	0.002008605	-0.001586584	0.707414854	0.706793939	-0.002249469	0.142933445	-0.002949545	0
517	50424744	0.002009284	-0.001575396	0.707414	0.706794817	-0.002513766	0.146860269	-0.004662871	0
518	50441411	0.002014663	-0.001570345	0.707413021	0.706795793	0.012036247	0.140734928	-0.003734633	0
519	50458078	0.002008692	-0.001577353	0.707412025	0.706796791	-0.004039366	0.168650978	-0.001234699	0
520	50474745	0.0020061	-0.001584994	0.707406148	0.706802664	0.003801464	0.157195021	0.00212723	0
521	50491412	0.002019745	-0.001586892	0.707401851	0.706806921	0.00788507	0.141194771	-0.003811671	0
522	50508079	0.002008692	-0.001584733	0.707404235	0.706804571	-0.012950166	0.15208593	-0.009800446	0
523	50524746	0.002009235	-0.001588133	0.707405782	0.706803013	-0.002363913	0.152386506	-0.007171356	0
524	50541413	0.002001183	-0.001586329	0.707397125	0.706811705	-0.005867876	0.09008294	0.005674689	0
525	50558080	0.002056841	-0.001530818	0.707401382	0.706807407	0.005013054	0.32369375	0.002463054	0
526	50574747	0.001952286	-0.001632146	0.70740799	0.706800864	0.002534449	0.04109509	0.0022088	0
527	50591414	0.001981011	-0.001596687	0.707398547	0.706810315	0.005977245	0.069779982	-0.009625928	0
528	50608081	0.002017895	-0.001558851	0.707395185	0.70681366	-0.002848408	0.215702587	-0.003097292	0
529	50624748	0.001981329	-0.001591412	0.707398764	0.706810109	-0.005241755	0.123107365	-0.004903697	0
530	50641415	0.001998508	-0.001578421	0.707401218	0.706807634	0.009054886	0.154472609	-0.003763915	0
531	50658082	0.001991313	-0.001594082	0.707408114	0.706800717	0.014768041	0.156845542	-0.015305173	0
532	50674749	0.00198768	-0.001603565	0.707406899	0.706801922	0.006993767	0.096027168	0.017564419	0
533	50691416	0.002012252	-0.001579002	0.707405736	0.706803071	-0.006207499	0.184922268	-0.003655891	0
534	50708083	0.00200038	-0.001572838	0.707413261	0.706795587	-0.001562393	0.156775311	-0.01101537	0
535	50724750	0.00197714	-0.001588843	0.707412723	0.706796156	0.016376136	0.114407919	0.002511424	0
536	50741417	0.001994684	-0.001572683	0.707406758	0.706802113	0.012161064	0.194749293	-0.01226925	0
537	50758084	0.001978502	-0.001585837	0.707407988	0.706800898	0.001881365	0.138424224	0.003565196	0
538	50774751	0.001978111	-0.001588722	0.707399819	0.706809068	0.002785448	0.113569768	0.004418321	0
539	50791418	0.001987006	-0.001576504	0.707398139	0.706810753	0.014482743	0.171417044	-0.001265924	0
540	50808085	0.001968534	-0.001590894	0.707401363	0.706807545	0.008887958	0.141667249	-0.003932465	0
541	50824752	0.001970993	-0.001595632	0.707399374	0.706809519	-0.003943767	0.136401136	0.009255956	0
542	50841419	0.001966959	-0.001589683	0.707397985	0.706810933	-0.0021245	0.151470406	-0.005000573	0
543	50858086	0.001966618	-0.001585862	0.707393738	0.706815193	-0.005384559	0.119040706	-0.001832779	0
544	50874753	0.001963854	-0.001581782	0.707394274	0.706814673	-0.004907446	0.143172827	-0.013120276	0
545	50891420	0.001974143	-0.001576562	0.707394897	0.706814033	-0.003815735	0.174197222	-0.001770826	0
546	50908087	0.001966826	-0.00159048	0.707391173	0.706817749	-0.001180454	0.149600708	-0.006654804	0
547	50924754	0.001967049	-0.00158822	0.707390833	0.706818093	-0.007435172	0.144628111	-0.007349724	0
548	50941421	0.001961596	-0.001576519	0.707388976	0.706819994	-0.00137126	0.167152524	0.000800725	0
549	50958088	0.00196034	-0.001584025	0.707393105	0.706815848	0.001273438	0.160985426	0.00375517	0
550	50974755	0.00197419	-0.001582836	0.70739205	0.706816868	0.006807476	0.139035404	0.012537688	0
551	50991422	0.00197549	-0.001591837	0.707394554	0.706814338	-0.007632795	0.167083179	-0.007361432	0
552	51008089	0.001972678	-0.001587275	0.707394354	0.706814557	0.004348371	0.137512069	0.011719794	0
553	51024756	0.001965793	-0.001585445	0.707395886	0.706813047	-0.003882741	0.140891154	-0.002884632	0
554	51041423	0.001968198	-0.001584517	0.707398205	0.706810721	0.008703957	0.154693695	0.005302825	0
555	51058090	0.001960902	-0.001591049	0.707399727	0.706809203	0.005549704	0.139716416	0.002844809	0
556	51074757	0.001959239	-0.00159351	0.70739613	0.706812803	0.003714214	0.164364456	0.000250919	0
557	51091424	0.00196027	-0.001590772	0.707397271	0.706811663	0.015941773	0.136257282	-0.004907052	0
558	51108091	0.001954049	-0.001589406	0.707404397	0.706804552	-0.000776469	0.1554625	-0.000567608	0
559	51124758	0.001954053	-0.001588711	0.707403552	0.706805399	0.005998537	0.151798994	-0.001937784	0
560	51141425	0.001960703	-0.001586071	0.707411545	0.706797386	0.006634624	0.163598982	-0.01236706	0
561	51158092	0.001956354	-0.00157998	0.707407452	0.706801509	0.006526471	0.15066113	-0.00620437	0
562	51174759	0.001959419	-0.001569163	0.707416347	0.706792622	-0.002377127	0.149444708	-0.001183233	0
563	51191426	0.00196015	-0.001568258	0.707415296	0.706793674	-0.012764258	0.133557853	-0.000737071	0
564	51208093	0.001962069	-0.001562942	0.70742012	0.706788852	-0.013111633	0.141382485	-0.009075351	0
565	51224760	0.00195869	-0.001561312	0.707417518	0.706791469	0.001600478	0.167528341	-0.013409576	0
566	51241427	0.00195524	-0.001564795	0.707419562	0.706789425	0.015574973	0.172939823	-0.006771149	0
567	51258094	0.001951459	-0.001572602	0.707421452	0.706787527	0.00122357	0.151439362	-0.000262411	0
568	51274761	0.001945782	-0.001568867	0.707426655	0.706782343	-0.004848443	0.148752811	-0.009585746	0
569	51291428	0.0019435	-0.001571885	0.707426472	0.706782526	0.004013982	0.155455964	-0.002205347	0
570	51308095	0.001949814	-0.001575328	0.707424351	0.706784624	0.006692882	0.138574204	-0.002777378	0
571	51324762	0.001954179	-0.001566133	0.707426385	0.706782596	-0.000182667	0.138775543	-0.010864757	0
572	51341429	0.001946045	-0.001564011	0.707422385	0.706786627	0.004967867	0.145367246	0.00282551	0
573	51358096	0.001942114	-0.001568377	0.707421501	0.706787512	-0.000414157	0.141994244	-0.003996535	0
574	51374763	0.001935334	-0.001568352	0.707422797	0.706786234	-0.012030662	0.160205439	0.001797811	0
575	51391430	0.00192303	-0.001560375	0.70742549	0.70678359	0.0012665	0.143111557	-0.009681717	0
576	51408097	0.001927084	-0.00155243	0.707418674	0.706790418	-0.015764451	0.155344016	-0.009032401	0
577	51424764	0.001923241	-0.001547447	0.707422778	0.706786332	-0.007665976	0.168870321	-0.00205233	0
578	51441431	0.001926038	-0.0015453	0.707422965	0.706786143	0.007558508	0.150140869	-0.009359695	0
579	51458098	0.001922447	-0.001552514	0.70742514	0.706783959	0.006635933	0.14042193	0.003105201	0
580	51474765	0.001925238	-0.001545656	0.707424536	0.706784571	-0.005589843	0.180932216	-0.011291663	0
581	51491432	0.001914053	-0.001539932	0.707427671	0.706781476	-0.005704033	0.147265574	-0.008748778	0
582	51508099	0.001927436	-0.001540563	0.707432199	0.706776906	0.00337261	0.131877921	-0.000669758	0
583	51524766	0.001937562	-0.001539674	0.707431436	0.706777645	0.002405339	0.142518491	0.00022061	0
584	51541433	0.00193427	-0.001540578	0.707432454	0.706776633	0.003804623	0.147646419	-0.01477828	0
585	51558100	0.001930364	-0.001536668	0.707437496	0.706771605	0.00499106	0.145503643	0.011055668	0
586	51574767	0.001930143	-0.001534556	0.70743881	0.706770295	0.018917069	0.141494014	0.005036282	0
587	51591434	0.00192799	-0.001526997	0.707440638	0.706768487	-0.003436394	0.155462824	0.001840119	0
588	51608101	0.001923312	-0.001530228	0.707433844	0.706775294	0.012155833	0.137524748	-0.011841682	0
589	51624768	0.001928092	-0.001525804	0.707440798	0.706768329	0.005956711	0.135809472	0.009042116	0
590	51641435	0.001934996	-0.001522424	0.707441773	0.706767342	-0.000846952	0.161924963	-0.00220515	0
591	51658102	0.001939432	-0.001519194	0.707435001	0.706774115	0.011887289	0.146139505	-0.005248032	0
592	51674769	0.001944344	-0.001518149	0.707435535	0.706773569	8.60E-05	0.161385779	-0.009864892	0
593	51691436	0.001938563	-0.001526843	0.707442731	0.706766364	0.012477459	0.149274872	-0.026275509	0
594	51708103	0.0019359	-0.001529191	0.707442395	0.706766702	0.00341946	0.148192376	-0.005139307	0
595	51724770	0.001945517	-0.001534426	0.707442029	0.706767031	0.005482196	0.151798364	-0.016853856	0
596	51741437	0.001942042	-0.001538721	0.707439795	0.706769267	-0.00228148	0.153877944	-0.014463848	0
597	51758104	0.00193664	-0.001541587	0.707448116	0.706760947	0.002100445	0.164394261	-0.005884744	0
598	51774771	0.001929837	-0.001541178	0.707449645	0.706759436	0.007309998	0.158307681	-0.011655324	0
599	51791438	0.001924003	-0.001500459	0.707401503	0.706807725	-0.000609706	0.157104614	-0.00277366	0
600	51808105	0.001928012	-0.001497787	0.707398577	0.706810649	0.000464861	0.15565517	-0.004144976	0
601	51824772	0.001932775	-0.001491263	0.707403326	0.706805897	-0.008769527	0.1431736	-0.001950103	0
602	51841439	0.001932991	-0.001491572	0.707408519	0.706800697	-0.00650292	0.151837062	0.009094871	0
603	51858106	0.001927539	-0.001491706	0.707405986	0.706803247	-0.004124329	0.154839523	0.001847514	0
604	51874773	0.001914126	-0.001495308	0.707405406	0.706803857	-0.007783538	0.125521482	0.008862084	0
605	51891440	0.001901267	-0.001508556	0.707403309	0.706805962	-0.000957872	0.138845093	-0.002341685	0
606	51908107	0.001913557	-0.001497054	0.707407184	0.706802075	0.011657344	0.143833011	-0.004637549	0
607	51924774	0.001911847	-0.001493632	0.707407805	0.706801465	0.009750917	0.143155738	0.01300531	0
608	51941441	0.001914487	-0.001506537	0.707414588	0.706794642	-0.000493863	0.137980822	-0.009612784	0
609	51958108	0.001910441	-0.001500131	0.70742232	0.706786928	0.002717663	0.133625614	0.003295231	0
610	51974775	0.001911347	-0.001502461	0.707423361	0.706785878	0.007836479	0.166420885	-0.008166799	0
611	51991442	0.001906409	-0.001499977	0.707418188	0.706791075	-0.002592426	0.144187981	-0.006909231	0
612	52008109	0.001902734	-0.00149515	0.707416851	0.706792433	0.004408789	0.149507863	-0.015394975	0
613	52024776	0.001897814	-0.001496015	0.70742219	0.7067871	0.015398673	0.145936783	-0.007484142	0
614	52041443	0.001902281	-0.001486555	0.707424357	0.706784939	-0.004790172	0.160039732	-0.01190633	0
615	52058110	0.001912181	-0.001481118	0.707427977	0.706781301	-0.000317059	0.161127623	0.008236182	0
616	52074777	0.001905869	-0.001479511	0.707427015	0.706782284	0.016677667	0.156024082	0.013233738	0
617	52091444	0.001905803	-0.001478119	0.70742983	0.70677947	0.000541156	0.134238112	-0.000962288	0
618	52108111	0.00189948	-0.001478711	0.707435619	0.706773691	0.005744379	0.162354154	0.005286158	0
